Timestamp,Phase,Ch1,Ch2,Ch3,Ch4,Ch5,Ch6,Ch7,Ch8
1771506920.6938372,Relaxed,636299.75,-45715.84765625,332398.1875,408050.6875,420767.5,-267214.59375,282274.90625,21370.68359375
1771506920.6938372,Relaxed,290772.4375,22960.337890625,418008.5625,517859.09375,510191.1875,-279749.875,114626.9921875,-116966.0546875
1771506920.6938372,Relaxed,-375988.28125,22315.0,519223.34375,703158.5625,665019.6875,105571.046875,175528.078125,28898.9296875
1771506920.6938372,Relaxed,-477168.5625,-76885.53125,508898.71875,737267.5,750000.0625,369756.0625,241439.265625,101764.8125
1771506920.6938372,Relaxed,161429.84375,-230623.703125,551981.1875,730815.875,750000.0625,308536.6875,114099.2265625,84363.625
1771506920.6938372,Relaxed,750000.0625,-32803.8671875,660093.875,750000.0625,750000.0625,506222.25,144500.09375,-55525.3125
1771506920.6938372,Relaxed,750000.0625,466347.0,692974.625,750000.0625,750000.0625,620908.125,750000.0625,626332.125
1771506920.6938372,Relaxed,750000.0625,80255.28125,750000.0625,750000.0625,750000.0625,750000.0625,750000.0625,750000.0625
1771506920.6938372,Relaxed,750000.0625,260287.859375,750000.0625,750000.0625,750000.0625,750000.0625,750000.0625,750000.0625
1771506920.6938372,Relaxed,750000.0625,594196.5,750000.0625,750000.0625,750000.0625,750000.0625,750000.0625,750000.0625
1771506920.6938372,Relaxed,750000.0625,750000.0625,750000.0625,750000.0625,750000.0625,750000.0625,750000.0625,750000.0625
1771506920.6938372,Relaxed,750000.0625,750000.0625,750000.0625,750000.0625,750000.0625,750000.0625,750000.0625,750000.0625
1771506920.6938372,Relaxed,750000.0625,750000.0625,750000.0625,750000.0625,750000.0625,750000.0625,750000.0625,750000.0625
1771506920.6938372,Relaxed,750000.0625,750000.0625,750000.0625,750000.0625,750000.0625,750000.0625,750000.0625,750000.0625
1771506920.6938372,Relaxed,750000.0625,750000.0625,750000.0625,750000.0625,750000.0625,750000.0625,718160.5,750000.0625
1771506920.6938372,Relaxed,679305.375,676020.5625,750000.0625,750000.0625,714089.1875,675763.1875,616733.0,709141.3125
1771506920.6938372,Relaxed,586050.9375,583133.875,741427.625,671699.25,616171.4375,583121.1875,532234.5,611785.4375
1771506920.6938372,Relaxed,520120.375,517481.625,657942.75,596093.9375,546949.375,517614.40625,472578.3125,543038.625
1771506920.6938372,Relaxed,494561.78125,492108.375,625546.9375,566785.1875,520133.4375,492237.65625,449524.28125,516410.25
1771506920.6938372,Relaxed,480020.1875,477684.34375,607073.3125,550073.125,504843.3125,477785.71875,436306.34375,501231.71875
1771506920.6938372,Relaxed,466759.4375,464504.40625,590240.5,534853.375,490881.53125,464592.75,424259.65625,487384.09375
1771506920.6938372,Relaxed,454577.65625,452387.625,574780.6875,520852.90625,478067.28125,452470.75,413208.125,474684.8125
1771506920.6938372,Relaxed,443339.375,441202.8125,560500.25,507943.0625,466228.09375,441262.96875,402991.0625,462942.5625
1771506920.6938372,Relaxed,432959.3125,430862.34375,547318.625,496015.53125,455301.75,430917.15625,393549.40625,452113.3125
1771506920.6938372,Relaxed,423360.84375,421304.125,535119.125,484969.84375,445185.4375,421343.90625,384799.25,442079.4375
1771506920.6938372,Relaxed,414449.5625,412434.125,523791.34375,474723.4375,435793.6875,412457.46875,376665.28125,432757.5
1771506920.6938372,Relaxed,406148.03125,404169.4375,513245.34375,465178.28125,427049.84375,404178.65625,369097.15625,424083.4375
1771506920.6938372,Relaxed,398431.9375,396493.21875,503440.53125,456305.0625,418924.09375,396490.09375,362066.0,416018.65625
1771506920.6938372,Relaxed,391218.21875,389312.34375,494253.0625,448007.9375,411327.28125,389296.40625,355484.21875,408492.375
1771506920.6938372,Relaxed,384458.59375,382582.125,485654.0625,440238.90625,404211.03125,382551.71875,349318.71875,401429.40625
1771506920.6938372,Relaxed,378159.875,376311.9375,477644.5625,432990.3125,397577.375,376266.25,343572.78125,394829.09375
1771506920.6938372,Relaxed,372250.09375,370433.34375,470135.53125,426187.4375,391359.65625,370383.0,338193.1875,388655.375
1771506920.6938372,Relaxed,366696.3125,364907.34375,463076.125,419797.34375,385520.125,364859.15625,333139.71875,382859.125
1771506920.6938372,Relaxed,361481.1875,359715.9375,456436.59375,413801.34375,380033.125,359667.46875,328392.5625,377411.0
1771506920.6938372,Relaxed,356576.3125,354826.8125,450185.53125,408151.71875,374861.03125,354767.09375,323914.96875,372262.59375
1771506920.6938372,Relaxed,351958.625,350224.84375,444314.0,402828.78125,369998.625,350166.90625,319703.625,367435.0625
1771506920.6938372,Relaxed,347592.53125,345885.5625,438768.59375,397812.25,365416.0,345833.28125,315738.15625,362883.53125
1771506920.6938372,Relaxed,343472.375,341791.4375,433535.0,393080.375,361093.4375,341742.0,311999.4375,358597.0
1771506920.6938372,Relaxed,339595.625,337934.34375,428602.15625,388621.65625,357017.09375,337882.5,308476.96875,354546.34375
1771506920.6938372,Relaxed,335917.59375,334273.3125,423924.1875,384390.3125,353149.625,334222.4375,305128.40625,350707.65625
1771506920.6938372,Relaxed,332439.46875,330813.625,419504.96875,380387.8125,349493.5,330765.96875,301964.75,347076.65625
1771506920.6938372,Relaxed,329148.3125,327541.59375,415324.03125,376602.9375,346032.75,327492.15625,298977.75,343636.625
1771506920.6938372,Relaxed,326029.1875,324441.9375,411355.34375,373016.9375,342758.5625,324390.71875,296150.4375,340383.375
1771506920.6938372,Relaxed,323074.375,321504.46875,407599.8125,369617.75,339659.625,321456.8125,293470.28125,337307.875
1771506920.6938372,Relaxed,320269.125,318710.0625,404028.625,366387.40625,336714.21875,318665.15625,290919.59375,334383.8125
1771506920.6938372,Relaxed,317612.40625,316060.75,400643.9375,363326.46875,333919.78125,316021.125,288505.5,331613.28125
1771506920.6938372,Relaxed,315096.40625,313557.625,397440.5,360430.375,331269.9375,313518.1875,286228.125,328980.5
1771506920.6938372,Relaxed,312717.09375,311189.75,394404.875,357687.46875,328760.65625,311149.0,284062.6875,326496.5
1771506920.6938372,Relaxed,310437.59375,308916.40625,391496.375,355061.84375,326363.5625,308876.90625,281988.1875,324117.65625
1771506920.6938372,Relaxed,308270.4375,306754.375,388731.625,352563.28125,324086.375,306723.0,280015.875,321858.78125
1771506920.6938372,Relaxed,306216.9375,304711.0625,386117.71875,350196.59375,321931.375,304685.21875,278152.625,319717.9375
1771506920.6938372,Relaxed,304259.46875,302765.3125,383623.8125,347944.09375,319876.09375,302738.46875,276378.96875,317677.21875
1771506920.6938372,Relaxed,302399.53125,300917.53125,381254.0,345802.5,317922.1875,300890.09375,274693.21875,315735.75
1771506920.6938372,Relaxed,300634.1875,299164.25,379005.6875,343766.71875,316066.90625,299135.28125,273090.0625,313888.15625
1771506920.6938372,Relaxed,298949.0625,297489.9375,376853.1875,341823.1875,314296.75,297461.21875,271558.875,312131.65625
1771506920.6938372,Relaxed,297346.78125,295896.96875,374804.875,339973.4375,312611.0625,295869.0625,270103.40625,310459.9375
1771506920.6938372,Relaxed,295817.5625,294375.53125,372855.375,338205.4375,311004.96875,294348.15625,268716.09375,308866.53125
1771506920.6938372,Relaxed,294356.03125,292923.75,370998.46875,336523.6875,309477.625,292899.34375,267395.8125,307342.125
1771506920.6938372,Relaxed,292962.1875,291536.78125,369218.03125,334916.9375,308019.03125,291517.90625,266129.8125,305894.71875
1771506920.6938372,Relaxed,291640.75,290217.84375,367523.40625,333390.84375,306629.46875,290202.46875,264928.1875,304519.65625
1771506920.6938372,Relaxed,290374.75,288959.0,365905.84375,331931.90625,305296.5,288941.5625,263782.59375,303201.25
1771506920.6938372,Relaxed,289165.78125,287759.15625,364362.34375,330535.90625,304023.4375,287738.84375,262685.84375,301929.53125
1771506920.6938372,Relaxed,288018.0625,286618.3125,362889.53125,329211.78125,302817.78125,286598.65625,261647.65625,300732.1875
1771506920.6938372,Relaxed,286922.75,285524.78125,361485.5625,327941.6875,301661.65625,285506.90625,260647.734375,299582.9375
1771506920.6938372,Relaxed,285874.34375,284482.75,360145.28125,326723.40625,300558.75,284465.5625,259691.703125,298488.6875
1771506920.6938372,Relaxed,284872.1875,283493.09375,358871.3125,325570.0625,299511.25,283477.09375,258786.625,297452.46875
1771506920.6938372,Relaxed,283927.25,282540.09375,357644.375,324469.28125,298496.65625,282517.03125,257915.1875,296438.0625
1771506920.6938372,Relaxed,283027.8125,281636.65625,356480.21875,323421.1875,297537.9375,281613.75,257090.84375,295485.25
1771506920.6938372,Relaxed,282152.0,280769.3125,355359.84375,322410.59375,296626.0,280750.71875,256300.671875,294580.1875
1771506920.6938372,Relaxed,281319.25,279935.3125,354284.375,321440.53125,295748.28125,279919.03125,255539.375,293710.875
1771506920.6938372,Relaxed,280533.625,279149.15625,353267.625,320524.5625,294916.71875,279133.4375,254820.453125,292882.96875
1771506920.6938372,Relaxed,279770.71875,278394.375,352291.5,319641.84375,294118.65625,278378.375,254132.640625,292089.21875
1771506920.6938372,Relaxed,279032.40625,277661.6875,351347.0,318791.0625,293345.46875,277646.0625,253466.734375,291322.28125
1771506920.6938372,Relaxed,278339.5,276972.0,350453.71875,317987.65625,292617.0625,276956.53125,252836.59375,290599.78125
1771506920.6938372,Relaxed,277677.0,276311.75,349597.21875,317217.65625,291920.3125,276296.4375,252233.09375,289906.0625
1771506920.6938372,Relaxed,277037.90625,275676.5,348773.875,316474.15625,291250.75,275663.28125,251654.8125,289245.96875
1771506920.6938372,Relaxed,276436.71875,275078.46875,347998.4375,315770.25,290611.40625,275058.4375,251104.25,288599.3125
1771506920.6938372,Relaxed,275851.21875,274495.625,347245.28125,315090.15625,289992.8125,274470.84375,250572.015625,287982.21875
1771506920.6938372,Relaxed,275294.90625,273943.15625,346526.8125,314446.40625,289410.3125,273920.46875,250066.953125,287403.9375
1771506920.6938372,Relaxed,274763.65625,273415.40625,345836.9375,313830.84375,288856.625,273396.09375,249586.5625,286857.28125
1771506920.6938372,Relaxed,274253.15625,272907.125,345179.78125,313236.65625,288321.875,272891.3125,249124.78125,286329.96875
1771506920.6938372,Relaxed,273759.96875,272417.53125,344545.28125,312666.40625,287805.90625,272402.5,248684.09375,285823.40625
1771506920.6938372,Relaxed,273287.46875,271944.65625,343929.96875,312112.71875,287303.34375,271925.71875,248253.15625,285310.46875
1771506920.6938372,Relaxed,272840.875,271497.34375,343344.28125,311586.71875,286833.4375,271481.0,247845.8125,284848.78125
1771506920.6938372,Relaxed,272415.5625,271070.71875,342788.78125,311086.5,286384.5,271055.9375,247453.765625,284401.90625
1771506920.6938372,Relaxed,272001.4375,270660.0625,342257.78125,310603.6875,285951.25,270646.375,247078.609375,283976.59375
1771506920.6938372,Relaxed,271612.78125,270274.71875,341752.90625,310152.5625,285543.8125,270261.84375,246730.90625,283576.40625
1771506920.6938372,Relaxed,271233.4375,269897.15625,341260.90625,309711.15625,285144.34375,269884.71875,246388.5625,283181.9375
1771506920.6938372,Relaxed,270868.5625,269533.96875,340785.34375,309283.15625,284761.15625,269524.3125,246056.0625,282807.6875
1771506920.6938372,Relaxed,270528.8125,269192.71875,340337.34375,308878.875,284401.28125,269187.34375,245745.640625,282454.625
1771506920.6938372,Relaxed,270198.4375,268859.59375,339903.8125,308486.1875,284048.125,268856.53125,245438.890625,282110.78125
1771506920.6938372,Relaxed,269880.6875,268541.28125,339487.59375,308113.96875,283709.09375,268539.59375,245148.484375,281773.71875
1771506920.6938372,Relaxed,269575.46875,268239.53125,339088.59375,307756.625,283390.53125,268240.09375,244875.984375,281458.90625
1771506920.6938372,Relaxed,269287.125,267954.25,338712.0,307413.9375,283090.40625,267958.1875,244613.5625,281162.6875
1771506920.6938372,Relaxed,269010.5,267678.96875,338346.875,307087.15625,282802.875,267685.40625,244363.40625,280881.59375
1771506920.6938372,Relaxed,268740.40625,267410.375,337990.9375,306770.1875,282516.5,267415.75,244116.203125,280585.21875
1771506920.6938372,Relaxed,268492.03125,267162.09375,337661.21875,306474.4375,282249.15625,267161.5625,243888.203125,280308.21875
1771506920.6938372,Relaxed,268257.875,266929.71875,337347.375,306195.3125,282002.40625,266925.875,243675.515625,280063.875
1771506920.6938372,Relaxed,268022.375,266697.71875,337036.6875,305918.96875,281760.84375,266694.59375,243466.484375,279821.59375
1771506920.6938372,Relaxed,267787.6875,266467.0625,336729.84375,305641.25,281519.59375,266463.90625,243251.71875,279585.375
1771506920.6938372,Relaxed,267588.84375,266263.65625,336453.9375,305398.0625,281300.125,266255.5,243065.046875,279359.34375
1771506920.6938372,Relaxed,267391.53125,266064.625,336188.21875,305158.625,281087.40625,266056.21875,242883.8125,279148.96875
1771506920.6938372,Relaxed,267196.625,265871.6875,335931.09375,304925.28125,280881.59375,265862.9375,242708.03125,278942.53125
1771506920.6938372,Relaxed,267008.84375,265684.1875,335679.6875,304698.5625,280685.0,265678.46875,242537.0,278751.9375
1771506920.6938372,Relaxed,266831.84375,265505.75,335439.15625,304483.4375,280498.65625,265503.78125,242374.90625,278569.28125
1771506920.6938372,Relaxed,266659.28125,265335.875,335213.5,304279.59375,280319.3125,265339.0,242219.421875,278397.96875
1771506920.6938372,Relaxed,266488.25,265170.03125,334991.0625,304080.65625,280143.625,265176.0,242071.90625,278233.90625
1771506920.6938372,Relaxed,266318.46875,265001.65625,334766.84375,303879.03125,279966.6875,265011.25,241923.484375,278063.65625
1771506920.6938372,Relaxed,266153.21875,264837.34375,334546.71875,303682.625,279794.78125,264849.5,241775.171875,277892.46875
1771506920.6938372,Relaxed,266003.75,264686.5,334342.59375,303500.0625,279637.875,264702.875,241635.15625,277738.84375
1771506920.6938372,Relaxed,265860.78125,264541.125,334145.71875,303329.625,279486.0625,264558.46875,241504.265625,277588.65625
1771506920.6938372,Relaxed,265722.03125,264402.28125,333957.875,303166.90625,279339.40625,264418.5625,241382.125,277438.71875
1771506920.6938372,Relaxed,265590.6875,264273.90625,333782.46875,303007.9375,279199.59375,264289.0,241267.6875,277300.125
1771506920.6938372,Relaxed,265462.46875,264146.125,333605.25,302847.46875,279058.3125,264159.90625,241142.515625,277163.625
1771506920.6938372,Relaxed,265350.8125,264035.28125,333447.1875,302707.8125,278937.1875,264046.4375,241036.125,277037.5625
1771506920.6938372,Relaxed,265238.96875,263925.65625,333293.125,302569.9375,278821.65625,263933.53125,240934.375,276924.09375
1771506920.6938372,Relaxed,265124.59375,263813.4375,333138.8125,302432.34375,278702.46875,263818.375,240829.859375,276804.71875
1771506920.6938372,Relaxed,265015.96875,263707.59375,332992.625,302300.65625,278587.15625,263709.1875,240732.953125,276687.875
1771506920.6938372,Relaxed,264915.03125,263607.46875,332853.96875,302175.65625,278480.75,263611.21875,240641.21875,276582.65625
1771506920.6938372,Relaxed,264812.75,263507.78125,332707.96875,302055.9375,278378.375,263512.40625,240548.328125,276481.09375
1771506920.6938372,Relaxed,264708.875,263407.625,332566.53125,301935.4375,278275.3125,263413.0,240458.5625,276381.03125
1771506920.6938372,Relaxed,264615.0625,263317.5,332442.78125,301817.6875,278180.25,263322.875,240380.140625,276285.8125
1771506920.6938372,Relaxed,264524.25,263228.46875,332319.6875,301706.1875,278082.96875,263232.125,240298.609375,276186.3125
1771506920.6938372,Relaxed,264436.34375,263142.28125,332198.4375,301600.25,277991.96875,263147.625,240219.03125,276096.625
1771506920.6938372,Relaxed,264355.53125,263059.40625,332079.71875,301499.3125,277906.5,263065.5625,240145.453125,276015.8125
1771506920.6938372,Relaxed,264275.78125,262979.65625,331968.46875,301399.6875,277824.96875,262987.25,240075.0,275937.75
1771506920.6938372,Relaxed,264193.59375,262899.53125,331856.0,301302.25,277741.71875,262907.84375,240006.703125,275855.5
1771506920.6938372,Relaxed,264114.03125,262822.8125,331745.59375,301205.96875,277659.71875,262829.53125,239939.546875,275775.5625
1771506920.6938372,Relaxed,264053.96875,262762.65625,331655.1875,301128.71875,277594.09375,262768.375,239884.203125,275711.1875
1771506920.6938372,Relaxed,263984.65625,262690.6875,331556.75,301039.84375,277520.96875,262700.25,239818.21875,275641.71875
1771506920.6938372,Relaxed,263916.09375,262618.53125,331453.6875,300950.875,277445.4375,262628.71875,239751.625,275568.3125
1771506920.6938372,Relaxed,263862.28125,262563.90625,331373.03125,300877.375,277382.75,262571.0625,239697.171875,275504.3125
1771506920.6938372,Relaxed,263807.71875,262511.0625,331295.15625,300801.9375,277322.75,262517.21875,239644.953125,275443.25
1771506920.6938372,Relaxed,263753.5625,262457.6875,331213.875,300730.21875,277265.4375,262464.5625,239593.359375,275383.6875
1771506920.6938372,Relaxed,263707.40625,262410.84375,331142.09375,300666.03125,277214.9375,262418.0625,239547.59375,275333.375
1771506920.6938372,Relaxed,263651.90625,262354.6875,331059.9375,300595.40625,277157.09375,262361.65625,239497.515625,275277.21875
1771506920.6938372,Relaxed,263598.4375,262305.0625,330984.65625,300530.3125,277104.78125,262311.5,239454.15625,275223.9375
1771506920.6938372,Relaxed,263549.34375,262259.5625,330912.75,300467.0,277055.59375,262264.5625,239414.203125,275177.96875
1771506920.6938372,Relaxed,263497.40625,262208.3125,330841.6875,300401.5625,277003.3125,262215.375,239368.59375,275129.5
1771506920.6938372,Relaxed,263449.21875,262159.15625,330769.0,300342.28125,276954.65625,262170.15625,239324.96875,275080.4375
1771506920.6938372,Relaxed,263400.9375,262110.421875,330691.46875,300279.96875,276903.15625,262119.09375,239280.171875,275025.96875
1771506920.6938372,Relaxed,263356.40625,262070.109375,330628.09375,300223.1875,276859.0,262076.890625,239244.765625,274980.75
1771506920.6938372,Relaxed,263315.28125,262031.5625,330567.125,300169.90625,276816.90625,262036.75,239213.296875,274938.53125
1771506920.6938372,Relaxed,263276.21875,261991.875,330503.375,300116.4375,276775.3125,261999.375,239177.796875,274900.71875
1771506920.6938372,Relaxed,263239.0,261951.8125,330438.90625,300064.21875,276734.5625,261963.171875,239138.90625,274866.84375
1771506920.6938372,Relaxed,263202.625,261915.875,330379.28125,300014.34375,276696.625,261925.625,239106.453125,274829.65625
1771506920.6938372,Relaxed,263162.75,261876.265625,330319.5625,299962.46875,276651.65625,261882.34375,239067.203125,274782.78125
1771506920.6938372,Relaxed,263131.46875,261847.21875,330271.34375,299917.40625,276619.03125,261853.65625,239040.390625,274749.53125
1771506920.6938372,Relaxed,263102.65625,261818.421875,330226.375,299874.59375,276587.90625,261825.03125,239013.109375,274723.34375
1771506920.6938372,Relaxed,263068.96875,261784.1875,330172.5625,299830.59375,276554.21875,261794.46875,238978.875,274696.34375
1771506920.6938372,Relaxed,263034.0,261750.921875,330119.53125,299789.03125,276520.15625,261763.4375,238949.09375,274662.4375
1771506920.6938372,Relaxed,262999.84375,261717.578125,330069.03125,299738.78125,276482.0625,261727.40625,238915.9375,274614.0
1771506920.6938372,Relaxed,262973.46875,261694.0625,330024.59375,299701.78125,276457.28125,261700.5,238897.609375,274590.375
1771506920.6938372,Relaxed,262949.34375,261669.5625,329980.875,299669.40625,276433.4375,261679.3125,238876.765625,274563.5625
1771506920.6938372,Relaxed,262924.84375,261642.65625,329935.375,299636.40625,276410.0,261654.984375,238855.671875,274544.875
1771506920.6938372,Relaxed,262900.15625,261619.671875,329895.125,299601.375,276387.28125,261632.09375,238835.640625,274524.84375
1771506920.6938372,Relaxed,262875.21875,261597.3125,329857.75,299566.9375,276362.0,261606.796875,238816.0625,274496.96875
1771506920.6938372,Relaxed,262851.875,261575.859375,329811.71875,299537.875,276336.6875,261580.15625,238798.890625,274465.84375
1771506920.6938372,Relaxed,262829.15625,261552.34375,329768.625,299502.03125,276311.21875,261555.921875,238774.9375,274444.9375
1771506920.6938372,Relaxed,262807.8125,261528.296875,329726.96875,299465.375,276283.125,261528.46875,238746.859375,274419.4375
1771506920.6938372,Relaxed,262789.90625,261509.15625,329692.90625,299435.25,276259.875,261506.125,238726.03125,274395.84375
1771506920.6938372,Relaxed,262767.65625,261485.375,329657.03125,299401.09375,276232.875,261480.015625,238705.109375,274370.90625
1771506920.6938372,Relaxed,262737.15625,261458.109375,329617.0,299362.5625,276202.5,261455.15625,238681.59375,274342.375
1771506920.6938372,Relaxed,262716.4375,261439.34375,329580.15625,299333.9375,276182.1875,261440.59375,238663.71875,274320.03125
1771506920.6938372,Relaxed,262701.3125,261423.609375,329548.40625,299312.5,276169.0625,261424.5,238650.03125,274305.375
1771506920.6938372,Relaxed,262679.3125,261404.46875,329513.0,299282.8125,276150.09375,261402.140625,238630.28125,274285.25
1771506920.6938372,Relaxed,262660.5625,261388.546875,329478.6875,299252.78125,276132.84375,261381.765625,238614.8125,274261.625
1771506920.6938372,Relaxed,262651.59375,261378.625,329451.75,299234.25,276122.5625,261369.875,238607.75,274250.90625
1771506920.6938372,Relaxed,262632.75,261358.78125,329413.21875,299207.09375,276102.25,261350.015625,238588.25,274229.375
1771506920.6938372,Relaxed,262620.40625,261345.375,329381.125,299185.0,276086.25,261337.0625,238572.25,274212.90625
1771506920.6938372,Relaxed,262609.3125,261333.75,329359.75,299163.625,276073.65625,261325.875,238562.234375,274200.40625
1771506920.6938372,Relaxed,262595.375,261320.34375,329338.84375,299138.40625,276060.25,261313.984375,238552.9375,274187.15625
1771506920.6938372,Relaxed,262580.09375,261307.015625,329310.78125,299117.59375,276048.0,261301.203125,238546.953125,274176.0625
1771506920.6938372,Relaxed,262563.90625,261291.375,329278.84375,299094.34375,276031.625,261286.71875,238530.3125,274158.28125
1771506920.6938372,Relaxed,262548.625,261275.71875,329247.46875,299064.84375,276015.09375,261272.59375,238510.375,274146.21875
1771506920.6938372,Relaxed,262540.375,261265.078125,329220.46875,299047.03125,276001.59375,261258.734375,238498.84375,274134.9375
1771506920.6938372,Relaxed,262529.84375,261256.40625,329196.78125,299029.875,275990.5,261245.765625,238491.609375,274120.8125
1771506920.6938372,Relaxed,262515.34375,261242.90625,329171.28125,299005.65625,275975.9375,261232.625,238482.125,274105.09375
1771506920.6938372,Relaxed,262502.84375,261228.421875,329143.84375,298984.625,275962.34375,261220.734375,238469.796875,274094.8125
1771506920.6938372,Relaxed,262498.0,261220.203125,329124.28125,298970.34375,275954.90625,261213.765625,238461.390625,274088.46875
1771506920.6938372,Relaxed,262488.15625,261210.90625,329099.84375,298955.84375,275944.09375,261203.21875,238453.609375,274077.46875
1771506920.6938372,Relaxed,262475.84375,261200.796875,329074.75,298933.6875,275930.0625,261192.125,238445.5625,274066.28125
1771506920.6938372,Relaxed,262456.25,261181.3125,329044.0625,298903.09375,275908.875,261173.171875,238430.8125,274044.03125
1771506920.6938372,Relaxed,262449.28125,261170.765625,329021.28125,298884.59375,275898.6875,261164.953125,238418.109375,274035.15625
1771506920.6938372,Relaxed,262442.9375,261163.875,328999.28125,298873.0625,275892.15625,261156.984375,238410.421875,274025.96875
1771506920.6938372,Relaxed,262432.65625,261151.0,328973.71875,298855.90625,275876.15625,261139.109375,238396.46875,274010.84375
1771506920.6938372,Relaxed,262428.0,261148.578125,328961.28125,298843.65625,275870.6875,261136.34375,238393.25,274000.46875
1771506920.6938372,Relaxed,262419.25,261142.234375,328935.71875,298829.78125,275863.09375,261126.765625,238391.015625,273989.21875
1771506920.6938372,Relaxed,262407.53125,261133.75,328912.28125,298809.40625,275852.28125,261115.953125,238379.9375,273977.0625
1771506920.6938372,Relaxed,262400.8125,261127.671875,328892.875,298796.25,275847.28125,261112.28125,238370.546875,273981.78125
1771506920.6938372,Relaxed,262387.6875,261111.125,328866.96875,298774.8125,275830.71875,261097.0,238355.53125,273958.5625
1771506920.6938372,Relaxed,262374.90625,261100.484375,328842.8125,298756.28125,275817.5,261084.921875,238346.859375,273943.96875
1771506920.6938372,Relaxed,262368.28125,261095.75,328827.53125,298741.375,275810.4375,261080.453125,238341.40625,273937.4375
1771506920.6938372,Relaxed,262363.90625,261089.484375,328809.46875,298729.5625,275804.1875,261074.5625,238335.40625,273932.625
1771506920.6938372,Relaxed,262357.1875,261080.015625,328787.28125,298715.6875,275793.90625,261062.9375,238326.015625,273919.65625
1771506920.6938372,Relaxed,262355.75,261077.6875,328774.34375,298704.25,275789.875,261059.984375,238321.546875,273913.75
1771506920.6938372,Relaxed,262347.25,261073.390625,328758.40625,298688.875,275783.96875,261053.640625,238319.3125,273908.21875
1771506920.6938372,Relaxed,262335.28125,261064.90625,328738.75,298672.78125,275775.03125,261044.421875,238313.953125,273893.625
1771506920.6938372,Relaxed,262333.21875,261061.5,328721.40625,298661.625,275772.15625,261043.359375,238309.9375,273891.6875
1771506920.6938372,Relaxed,262327.3125,261051.765625,328701.71875,298643.625,275763.3125,261037.625,238296.421875,273891.84375
1771506920.6938372,Relaxed,262305.34375,261030.296875,328670.53125,298611.90625,275746.40625,261020.640625,238278.640625,273882.03125
1771506920.6938372,Relaxed,262293.34375,261018.953125,328652.09375,298594.1875,275735.96875,261009.015625,238273.09375,273874.25
1771506920.6938372,Relaxed,262287.625,261012.328125,328634.5,298581.59375,275724.875,260998.203125,238267.640625,273859.65625
1771506920.6938372,Relaxed,262287.53125,261012.859375,328617.6875,298578.28125,275724.25,260995.875,238271.21875,273860.46875
1771506920.6938372,Relaxed,262282.0,261007.6875,328600.0,298567.09375,275718.71875,260989.359375,238266.203125,273863.0625
1771506920.6938372,Relaxed,262277.25,261000.53125,328585.3125,298552.8125,275707.8125,260981.03125,238254.59375,273841.53125
1771506920.6938372,Relaxed,262263.03125,260989.0,328562.53125,298534.75,275693.03125,260968.34375,238241.71875,273824.625
1771506920.6938372,Relaxed,262252.59375,260981.125,328542.5,298520.875,275684.71875,260959.125,238235.984375,273815.84375
1771506920.6938372,Relaxed,262251.15625,260983.890625,328535.25,298510.6875,275687.15625,260963.15625,238237.421875,273817.65625
1771506920.6938372,Relaxed,262247.3125,260981.03125,328520.875,298500.125,275685.09375,260961.640625,238233.671875,273816.84375
1771506920.6938372,Relaxed,262244.625,260980.5,328507.53125,298495.40625,275685.1875,260963.421875,238233.671875,273817.03125
1771506920.6938372,Relaxed,262237.65625,260977.015625,328494.75,298484.84375,275681.0625,260959.40625,238231.4375,273811.375
1771506920.6938372,Relaxed,262232.5625,260970.671875,328478.46875,298471.71875,275674.625,260950.734375,238226.421875,273804.21875
1771506920.6938372,Relaxed,262227.8125,260965.75,328461.5,298460.96875,275670.4375,260945.359375,238223.109375,273799.40625
1771506920.6938372,Relaxed,262216.65625,260952.78125,328441.28125,298439.25,275663.0,260939.015625,238213.109375,273795.125
1771506920.6938372,Relaxed,262208.875,260944.015625,328426.4375,298422.90625,275658.09375,260935.703125,238207.5625,273791.8125
1771506920.6938372,Relaxed,262200.5625,260935.171875,328406.5,298411.28125,275651.125,260926.765625,238206.21875,273782.78125
1771506920.6938372,Relaxed,262196.53125,260932.21875,328398.1875,298398.21875,275645.21875,260923.640625,238199.6875,273778.9375
1771506920.6938372,Relaxed,262195.0,260934.09375,328383.71875,298392.59375,275646.46875,260923.8125,238200.234375,273781.53125
1771506920.6938372,Relaxed,262190.4375,260930.4375,328367.09375,298382.46875,275640.90625,260918.625,238192.8125,273776.78125
1771506920.6938372,Relaxed,262189.625,260930.078125,328356.0,298372.46875,275636.71875,260915.046875,238187.703125,273771.34375
1771506920.6938372,Relaxed,262189.625,260930.796875,328346.78125,298367.625,275635.75,260912.46875,238190.03125,273769.8125
1771506920.6938372,Relaxed,262182.9375,260924.4375,328335.0625,298353.15625,275628.6875,260904.328125,238186.453125,273763.28125
1771506920.6938372,Relaxed,262177.84375,260919.078125,328321.125,298342.0625,275624.375,260900.578125,238181.625,273760.25
1771506920.6938372,Relaxed,262175.0625,260912.28125,328305.84375,298331.59375,275616.4375,260894.140625,238171.53125,273747.71875
1771506920.6938372,Relaxed,262177.46875,260913.09375,328299.03125,298329.46875,275614.375,260892.078125,238169.734375,273741.5625
1771506920.6938372,Relaxed,262165.5,260904.421875,328279.71875,298314.71875,275604.0,260879.921875,238162.046875,273730.75
1771506920.6938372,Relaxed,262158.625,260900.21875,328262.65625,298300.21875,275599.0,260874.203125,238158.390625,273727.53125
1771506920.6938372,Relaxed,262164.15625,260904.859375,328255.84375,298297.90625,275602.9375,260879.203125,238162.234375,273731.8125
1771506920.6938372,Relaxed,262162.8125,260899.9375,328242.90625,298289.3125,275599.625,260876.4375,238159.28125,273728.9375
1771506920.6938372,Relaxed,262167.125,260903.34375,328238.5,298288.5,275601.9375,260880.0,238160.984375,273730.28125
1771506920.6938372,Relaxed,262161.75,260899.046875,328228.15625,298279.5625,275596.75,260875.359375,238161.875,273725.8125
1771506920.6938372,Relaxed,262147.0,260883.5,328203.90625,298255.78125,275580.75,260858.640625,238149.4375,273711.78125
1771506920.6938372,Relaxed,262141.8125,260879.828125,328191.46875,298243.53125,275576.8125,260857.65625,238141.75,273712.875
1771506920.6938372,Relaxed,262143.859375,260884.296875,328186.5625,298246.125,275580.65625,260863.109375,238144.609375,273711.34375
1771506920.6938372,Relaxed,262136.0,260875.984375,328165.09375,298232.53125,275572.625,260850.0625,238139.4375,273706.59375
1771506920.6938372,Relaxed,262126.15625,260865.171875,328143.125,298212.53125,275563.40625,260840.40625,238131.734375,273696.59375
1771506920.6938372,Relaxed,262120.171875,260860.515625,328130.5,298198.125,275557.9375,260838.4375,238125.125,273686.125
1771506920.6938372,Relaxed,262126.34375,260866.421875,328125.15625,298197.6875,275564.46875,260844.953125,238130.484375,273694.09375
1771506920.6938372,Relaxed,262125.625,260863.203125,328112.1875,298189.53125,275563.3125,260843.34375,238125.75,273686.5
1771506920.6938372,Relaxed,262124.28125,260860.15625,328101.28125,298182.03125,275559.75,260838.078125,238118.15625,273688.90625
1771506920.6938372,Relaxed,262124.375,260860.96875,328091.53125,298180.59375,275558.9375,260835.125,238121.734375,273686.03125
1771506920.6938372,Relaxed,262119.90625,260857.5625,328080.4375,298171.03125,275556.6875,260832.171875,238123.875,273682.375
1771506920.6938372,Relaxed,262113.90625,260851.21875,328066.3125,298160.21875,275554.1875,260827.96875,238121.28125,273683.0
1771506920.6938372,Relaxed,262116.234375,260854.265625,328057.28125,298162.625,275558.5625,260831.546875,238123.25,273683.625
1771506920.6938372,Relaxed,262123.5625,260860.875,328055.125,298162.28125,275566.28125,260836.203125,238128.796875,273685.78125
1771506920.6938372,Relaxed,262115.171875,260853.984375,328048.78125,298145.03125,275558.84375,260830.46875,238118.6875,273676.03125
1771506920.6938372,Relaxed,262097.109375,260836.5625,328027.25,298117.65625,275541.21875,260816.53125,238100.359375,273668.78125
1771506920.6938372,Relaxed,262099.96875,260835.484375,328014.28125,298109.875,275536.03125,260810.984375,238095.53125,273655.28125
1771506920.6938372,Relaxed,262093.34375,260827.34375,327993.53125,298096.375,275530.0625,260808.296875,238088.828125,273656.53125
1771506920.6938372,Relaxed,262100.0625,260831.640625,327991.40625,298096.03125,275533.1875,260817.515625,238096.6875,273659.125
1771506920.6938372,Relaxed,262089.5,260821.71875,327972.625,298084.125,275523.1875,260805.171875,238091.328125,273652.59375
1771506920.6938372,Relaxed,262081.015625,260816.078125,327953.9375,298072.6875,275517.8125,260793.640625,238088.828125,273646.15625
1771506920.6938372,Relaxed,262085.125,260823.328125,327956.53125,298072.96875,275525.5,260803.203125,238098.65625,273655.375
1771506920.6938372,Relaxed,262072.515625,260810.890625,327932.21875,298052.9375,275515.84375,260792.65625,238084.625,273654.75
1771506920.6938372,Relaxed,262076.09375,260811.34375,327922.71875,298049.25,275513.6875,260788.640625,238083.375,273644.5625
1771506920.6938372,Relaxed,262072.875,260807.671875,327911.375,298040.59375,275507.96875,260784.4375,238080.59375,273641.0625
1771506920.6938372,Relaxed,262057.765625,260793.375,327891.0625,298017.875,275490.4375,260769.328125,238060.9375,273632.46875
1771506920.7225194,Relaxed,262058.65625,260794.625,327889.03125,298014.46875,275491.4375,260771.46875,238062.546875,273634.375
1771506920.7225194,Relaxed,262064.109375,260800.875,327886.6875,298017.0625,275501.71875,260783.359375,238072.46875,273649.28125
1771506920.7225194,Relaxed,262052.125,260787.203125,327867.375,297997.40625,275488.03125,260767.890625,238057.53125,273638.03125
1771506920.7225194,Relaxed,262050.4375,260785.6875,327857.0,297988.46875,275486.59375,260767.890625,238057.0,273635.625
1771506920.7225194,Relaxed,262042.390625,260782.203125,327843.25,297980.40625,275484.28125,260764.5,238058.421875,273635.0625
1771506920.7225194,Relaxed,262040.59375,260782.546875,327832.96875,297976.5625,275485.53125,260761.28125,238064.421875,273626.125
1771506920.7225194,Relaxed,262051.15625,260793.109375,327828.9375,297980.59375,275493.21875,260767.09375,238065.21875,273629.4375
1771506920.7225194,Relaxed,262050.171875,260791.9375,327822.84375,297973.8125,275491.625,260765.390625,238059.5,273626.125
1771506920.7225194,Relaxed,262050.609375,260794.890625,327822.15625,297969.15625,275492.9375,260767.796875,238058.96875,273626.03125
1771506920.7749035,Relaxed,262047.484375,260794.625,327813.5625,297960.21875,275494.75,260769.59375,238061.109375,273630.0625
1771506920.7749035,Relaxed,262056.875,260804.28125,327815.875,297963.25,275505.1875,260780.40625,238070.140625,273634.90625
1771506920.7749035,Relaxed,262063.125,260810.09375,327812.3125,297966.5625,275512.25,260786.3125,238077.65625,273638.21875
1771506920.7749035,Relaxed,262065.359375,260811.15625,327803.71875,297966.1875,275516.03125,260787.46875,238084.453125,273640.875
1771506920.7749035,Relaxed,262063.84375,260810.71875,327800.34375,297955.75,275516.65625,260791.3125,238080.78125,273652.78125
1771506920.7749035,Relaxed,262051.234375,260799.359375,327782.4375,297937.6875,275505.65625,260778.890625,238076.3125,273646.4375
1771506920.7749035,Relaxed,262041.21875,260789.171875,327762.6875,297923.46875,275496.15625,260768.515625,238070.9375,273637.75
1771506920.7749035,Relaxed,262032.828125,260778.984375,327741.0625,297913.09375,275489.09375,260759.75,238064.421875,273626.65625
1771506920.7749035,Relaxed,262028.96875,260773.25,327727.65625,297906.5625,275484.71875,260753.9375,238061.375,273624.96875
1771506920.7749035,Relaxed,262021.015625,260767.171875,327716.90625,297893.875,275478.125,260748.125,238059.859375,273614.6875
1771506920.7749035,Relaxed,262010.015625,260756.171875,327698.21875,297876.0,275465.9375,260736.515625,238049.9375,273607.71875
1771506920.7749035,Relaxed,262006.984375,260748.75,327685.0,297864.1875,275458.1875,260731.234375,238039.03125,273603.78125
1771506920.7907338,Relaxed,262006.625,260744.90625,327675.875,297857.40625,275454.34375,260729.453125,238034.203125,273599.9375
1771506920.7907338,Relaxed,262010.375,260748.84375,327673.90625,297858.09375,275458.8125,260735.53125,238038.765625,273607.34375
1771506920.7907338,Relaxed,262021.46875,260760.65625,327675.53125,297866.25,275466.3125,260743.75,238050.828125,273614.34375
1771506920.8099613,Relaxed,262009.9375,260751.078125,327657.46875,297849.96875,275450.5625,260729.171875,238035.625,273597.0625
1771506920.8099613,Relaxed,261999.03125,260739.640625,327636.28125,297832.625,275437.25,260712.90625,238024.359375,273575.25
1771506920.8099613,Relaxed,261997.6875,260740.078125,327626.4375,297824.3125,275437.53125,260715.3125,238020.875,273574.71875
1771506920.8099613,Relaxed,262002.328125,260747.234375,327626.25,297821.4375,275445.125,260725.515625,238024.09375,273581.6875
1771506920.8099613,Relaxed,262005.8125,260752.609375,327630.09375,297817.25,275452.0,260734.546875,238030.71875,273589.5625
1771506920.8099613,Relaxed,262002.78125,260750.453125,327619.5625,297808.9375,275450.46875,260733.46875,238030.984375,273585.625
1771506920.8399127,Relaxed,261999.203125,260747.0625,327610.25,297800.625,275447.625,260730.25,238027.578125,273584.28125
1771506920.8399127,Relaxed,261996.34375,260742.5,327597.09375,297791.15625,275443.59375,260724.4375,238021.765625,273583.5625
1771506920.8399127,Relaxed,261996.078125,260741.96875,327586.75,297784.96875,275442.71875,260720.953125,238020.515625,273585.625
1771506920.8399127,Relaxed,261992.859375,260740.796875,327576.09375,297778.53125,275439.125,260716.21875,238018.28125,273577.9375
1771506920.8399127,Relaxed,261993.84375,260746.515625,327569.125,297778.71875,275444.84375,260719.15625,238026.234375,273579.90625
1771506920.8399127,Relaxed,261992.046875,260747.6875,327558.65625,297774.6875,275448.4375,260721.40625,238030.359375,273584.28125
1771506920.8399127,Relaxed,261994.109375,260748.671875,327551.78125,297772.46875,275451.1875,260722.828125,238031.25,273584.46875
1771506920.900557,Relaxed,261999.296875,260751.796875,327547.9375,297771.65625,275453.78125,260725.421875,238033.390625,273586.25
1771506920.900557,Relaxed,261997.6875,260748.21875,327537.46875,297763.15625,275448.53125,260720.0625,238032.5,273579.8125
1771506920.900557,Relaxed,262000.984375,260752.15625,327536.3125,297762.625,275452.375,260722.921875,238044.390625,273573.84375
1771506920.900557,Relaxed,261991.15625,260743.21875,327518.0625,297749.75,275442.71875,260714.609375,238028.03125,273573.75
1771506920.900557,Relaxed,261984.8125,260734.625,327500.28125,297735.71875,275437.34375,260709.59375,238018.015625,273575.1875
1771506920.900557,Relaxed,261985.96875,260733.109375,327495.1875,297729.71875,275439.40625,260712.453125,238018.015625,273576.25
1771506920.900557,Relaxed,261978.46875,260727.296875,327487.40625,297719.34375,275436.0,260709.515625,238016.046875,273574.625
1771506920.900557,Relaxed,261972.828125,260722.921875,327482.3125,297710.59375,275432.6875,260708.171875,238016.5,273573.65625
1771506920.9224014,Relaxed,261970.0625,260718.265625,327477.46875,297702.375,275429.375,260709.0625,238012.5625,273573.84375
1771506920.9224014,Relaxed,261972.375,260716.65625,327468.625,297696.46875,275428.125,260709.328125,238007.90625,273572.3125
1771506920.9224014,Relaxed,261977.296875,260719.15625,327463.25,297694.9375,275431.0,260713.359375,238010.59375,273574.8125
1771506920.9224014,Relaxed,261979.71875,260722.734375,327459.40625,297690.46875,275432.78125,260715.765625,238013.71875,273575.53125
1771506920.9224014,Relaxed,261973.984375,260719.078125,327448.5,297678.03125,275427.15625,260708.796875,238010.5,273567.9375
1771506920.9224014,Relaxed,261973.28125,260718.453125,327439.46875,297672.15625,275426.15625,260707.1875,238010.140625,273568.65625
1771506920.9224014,Relaxed,261980.421875,260723.546875,327433.75,297674.8125,275430.53125,260709.953125,238013.09375,273569.0
1771506920.9224014,Relaxed,261984.265625,260726.5,327426.78125,297673.21875,275432.5,260711.03125,238012.921875,273567.46875
1771506920.9224014,Relaxed,261987.484375,260731.5,327426.34375,297670.1875,275436.1875,260714.875,238017.125,273569.09375
1771506920.9224014,Relaxed,261989.8125,260734.8125,327420.25,297667.9375,275437.34375,260715.5,238021.140625,273564.71875
1771506920.9467921,Relaxed,261987.578125,260731.953125,327409.0,297660.0625,275434.65625,260710.671875,238018.28125,273560.0625
1771506920.9467921,Relaxed,261986.859375,260736.515625,327404.34375,297660.15625,275441.53125,260715.9375,238022.9375,273566.84375
1771506920.9467921,Relaxed,261987.578125,260741.25,327410.6875,297659.625,275448.0625,260724.625,238027.84375,273574.28125
1771506920.9467921,Relaxed,261994.203125,260734.09375,327402.5625,297646.84375,275439.03125,260717.546875,238022.046875,273567.21875
1771506920.9467921,Relaxed,261997.0625,260735.171875,327394.34375,297641.3125,275437.6875,260715.59375,238023.5625,273561.59375
1771506920.9467921,Relaxed,261996.34375,260739.375,327390.84375,297636.5625,275439.75,260718.265625,238021.765625,273562.03125
1771506920.9467921,Relaxed,261994.375,260733.015625,327374.75,297627.71875,275433.75,260711.921875,238013.546875,273558.8125
1771506920.9467921,Relaxed,262002.0625,260736.515625,327370.5625,297628.5,275436.8125,260713.703125,238016.671875,273561.75
1771506920.9749284,Relaxed,262004.84375,260737.140625,327367.6875,297624.65625,275435.46875,260711.65625,238020.609375,273558.8125
1771506920.9749284,Relaxed,262001.703125,260734.8125,327359.09375,297618.21875,275431.25,260707.453125,238022.484375,273548.8125
1771506920.9749284,Relaxed,261997.140625,260727.125,327341.40625,297606.4375,275422.0625,260700.828125,238008.625,273551.21875
1771506920.9749284,Relaxed,261994.28125,260721.84375,327331.375,297593.46875,275418.9375,260698.25,238000.671875,273556.5
1771506920.9749284,Relaxed,261985.53125,260715.765625,327317.71875,297586.125,275415.625,260694.671875,237998.53125,273553.96875
1771506920.9749284,Relaxed,261982.03125,260715.59375,327310.46875,297581.84375,275415.09375,260695.65625,238000.671875,273553.625
1771506920.9749284,Relaxed,261986.234375,260721.125,327311.09375,297579.15625,275417.3125,260700.03125,238005.5,273553.4375
1771506920.9749284,Relaxed,261984.625,260721.125,327304.9375,297574.5,275417.9375,260700.03125,238007.109375,273554.875
1771506921.0004094,Relaxed,261976.40625,260715.140625,327293.65625,297563.59375,275415.875,260698.328125,238000.3125,273557.28125
1771506921.0004094,Relaxed,261971.046875,260707.1875,327284.4375,297551.71875,275408.375,260690.90625,237991.46875,273547.53125
1771506921.0004094,Relaxed,261971.671875,260709.515625,327281.59375,297550.09375,275412.5,260695.46875,237996.375,273551.9375
1771506921.0004094,Relaxed,261966.75,260705.65625,327269.53125,297540.8125,275410.6875,260695.5625,237998.34375,273545.5
1771506921.0279944,Relaxed,261959.234375,260698.15625,327254.84375,297528.09375,275406.3125,260690.28125,237993.875,273543.875
1771506921.0279944,Relaxed,261955.21875,260693.59375,327242.4375,297517.65625,275405.0625,260687.15625,237988.421875,273549.25
1771506921.0279944,Relaxed,261958.4375,260694.21875,327234.75,297514.96875,275402.75,260683.671875,237984.75,273537.1875
1771506921.0279944,Relaxed,261960.046875,260694.578125,327228.03125,297511.65625,275402.21875,260681.34375,237987.078125,273538.78125
1771506921.0279944,Relaxed,261959.328125,260695.46875,327223.375,297509.15625,275402.125,260680.453125,237990.921875,273541.8125
1771506921.0279944,Relaxed,261949.140625,260683.9375,327207.125,297493.25,275391.28125,260669.90625,237980.109375,273533.875
1771506921.0279944,Relaxed,261945.375,260680.625,327197.0,297483.84375,275390.3125,260669.453125,237975.640625,273537.625
1771506921.0279944,Relaxed,261948.234375,260680.890625,327188.4375,297480.53125,275389.6875,260668.109375,237973.84375,273536.71875
1771506921.0279944,Relaxed,261943.140625,260676.875,327176.34375,297472.3125,275381.0,260660.421875,237966.78125,273520.0
1771506921.0531142,Relaxed,261937.515625,260675.890625,327170.0,297465.96875,275380.46875,260660.609375,237970.1875,273523.125
1771506921.0531142,Relaxed,261936.53125,260675.4375,327164.09375,297460.6875,275379.75,260662.03125,237970.0,273519.90625
1771506921.0531142,Relaxed,261938.859375,260676.875,327160.875,297458.46875,275381.0,260664.09375,237970.625,273524.65625
1771506921.0531142,Relaxed,261943.953125,260680.1875,327161.15625,297457.5625,275385.40625,260667.484375,237974.46875,273529.3125
1771506921.0531142,Relaxed,261942.15625,260678.484375,327154.625,297448.0,275383.4375,260664.984375,237975.71875,273530.28125
1771506921.0531142,Relaxed,261942.875,260681.609375,327151.875,297441.90625,275383.59375,260664.53125,237977.96875,273525.8125
1771506921.0531142,Relaxed,261940.015625,260680.09375,327141.03125,297436.71875,275382.53125,260663.46875,237974.65625,273525.8125
1771506921.0686865,Relaxed,261939.921875,260679.109375,327131.28125,297433.78125,275384.9375,260666.234375,237974.75,273526.1875
1771506921.0686865,Relaxed,261940.828125,260679.015625,327123.25,297431.1875,275387.375,260667.21875,237976.359375,273529.125
1771506921.1024172,Relaxed,261942.515625,260682.0625,327120.125,297430.65625,275392.1875,260670.4375,237982.515625,273533.6875
1771506921.1024172,Relaxed,261937.328125,260680.1875,327108.9375,297421.8125,275391.125,260668.828125,237984.21875,273534.21875
1771506921.1024172,Relaxed,261927.140625,260671.515625,327095.34375,297405.0,275384.0625,260663.46875,237976.890625,273527.59375
1771506921.1024172,Relaxed,261926.96875,260668.828125,327087.5,297401.6875,275384.0625,260664.53125,237974.46875,273530.03125
1771506921.1024172,Relaxed,261922.21875,260663.1875,327076.9375,297397.21875,275382.4375,260662.75,237972.6875,273533.6875
1771506921.1024172,Relaxed,261920.078125,260662.296875,327071.84375,297390.59375,275380.125,260661.3125,237972.5,273526.8125
1771506921.1024172,Relaxed,261917.9375,260663.015625,327071.9375,297385.25,275381.28125,260662.5625,237976.984375,273526.0
1771506921.1024172,Relaxed,261909.171875,260645.578125,327054.9375,297369.21875,275365.46875,260647.109375,237965.71875,273516.25
1771506921.1024172,Relaxed,261914.453125,260642.1875,327050.84375,297365.03125,275360.8125,260644.953125,237958.5625,273516.0625
1771506921.1274412,Relaxed,261918.109375,260646.296875,327047.34375,297367.625,275364.65625,260648.4375,237961.59375,273521.34375
1771506921.1274412,Relaxed,261915.78125,260647.640625,327036.15625,297363.5,275366.4375,260648.265625,237964.015625,273528.78125
1771506921.1274412,Relaxed,261918.375,260650.140625,327034.1875,297358.3125,275365.90625,260648.078125,237968.125,273521.78125
1771506921.1274412,Relaxed,261922.140625,260648.359375,327023.84375,297350.46875,275359.125,260641.5625,237962.9375,273504.8125
1771506921.1274412,Relaxed,261922.3125,260645.84375,327014.0,297343.125,275353.75,260638.421875,237955.4375,273503.1875
1771506921.1274412,Relaxed,261920.609375,260644.859375,327008.0,297338.375,275355.4375,260639.765625,237954.453125,273507.21875
1771506921.1274412,Relaxed,261925.171875,260651.578125,327007.65625,297340.625,275361.96875,260645.21875,237961.421875,273510.96875
1771506921.1274412,Relaxed,261926.0625,260652.28125,327000.75,297335.78125,275359.90625,260642.1875,237961.421875,273505.625
1771506921.1517015,Relaxed,261920.34375,260648.078125,326988.5,297328.1875,275356.59375,260636.015625,237960.078125,273497.21875
1771506921.1517015,Relaxed,261920.609375,260648.71875,326981.8125,297323.8125,275358.75,260639.59375,237958.5625,273501.3125
1771506921.1517015,Relaxed,261923.65625,260649.875,326977.96875,297321.21875,275360.71875,260643.4375,237955.96875,273510.53125
1771506921.1517015,Relaxed,261923.390625,260650.5,326972.34375,297318.28125,275361.96875,260642.8125,237958.03125,273511.96875
1771506921.1517015,Relaxed,261922.84375,260652.375,326967.5,297315.0625,275362.40625,260642.546875,237959.640625,273508.28125
1771506921.1517015,Relaxed,261926.609375,260660.25,326966.59375,297314.5,275368.6875,260646.75,237964.8125,273511.875
1771506921.1761816,Relaxed,261928.21875,260661.3125,326959.375,297307.375,275371.0,260648.625,237964.015625,273518.125
1771506921.1761816,Relaxed,261930.71875,260661.40625,326950.5,297306.65625,275368.6875,260643.25,237960.53125,273504.53125
1771506921.1761816,Relaxed,261931.25,260663.28125,326943.71875,297302.625,275366.1875,260639.765625,237961.15625,273502.3125
1771506921.1761816,Relaxed,261931.96875,260663.546875,326940.84375,297295.90625,275363.84375,260640.3125,237962.140625,273501.15625
1771506921.1761816,Relaxed,261927.671875,260659.265625,326927.71875,297289.5625,275358.125,260635.5625,237958.734375,273496.6875
1771506921.1761816,Relaxed,261927.046875,260659.34375,326920.5625,297285.71875,275359.03125,260637.09375,237956.953125,273498.46875
1771506921.1949635,Relaxed,261930.8125,260659.265625,326917.875,297280.28125,275357.5,260637.359375,237951.046875,273499.96875
1771506921.1949635,Relaxed,261933.9375,260663.1875,326915.375,297280.53125,275359.28125,260639.234375,237956.140625,273500.96875
1771506921.1949635,Relaxed,261932.78125,260664.0,326910.09375,297278.46875,275359.125,260639.0625,237961.6875,273498.09375
1771506921.1949635,Relaxed,261927.046875,260656.9375,326899.5625,297266.5,275351.6875,260633.953125,237952.921875,273492.90625
1771506921.1949635,Relaxed,261928.390625,260657.03125,326893.03125,297262.21875,275354.46875,260637.09375,237951.40625,273497.84375
1771506921.2187018,Relaxed,261933.484375,260661.046875,326888.46875,297263.71875,275360.4375,260642.1875,237956.328125,273503.90625
1771506921.2187018,Relaxed,261933.125,260663.1875,326883.5625,297260.5,275364.375,260644.234375,237961.59375,273507.5
1771506921.2187018,Relaxed,261927.234375,260659.703125,326874.0625,297249.25,275363.59375,260639.0625,237963.125,273504.09375
1771506921.2187018,Relaxed,261926.78125,260660.875,326867.375,297245.75,275364.84375,260638.421875,237962.671875,273500.53125
1771506921.2187018,Relaxed,261931.34375,260664.359375,326863.34375,297246.03125,275370.71875,260643.34375,237964.8125,273503.8125
1771506921.2187018,Relaxed,261936.0,260666.328125,326861.1875,297246.75,275374.9375,260645.765625,237965.265625,273503.5625
1771506921.2494404,Relaxed,261935.09375,260665.875,326855.9375,297240.125,275373.78125,260644.234375,237963.390625,273502.5625
1771506921.2494404,Relaxed,261931.4375,260663.015625,326848.15625,297228.875,275368.6875,260641.296875,237960.609375,273497.46875
1771506921.2494404,Relaxed,261925.625,260660.515625,326839.84375,297219.21875,275367.0625,260641.828125,237958.375,273497.375
1771506921.2494404,Relaxed,261925.625,260660.875,326832.78125,297216.0625,275366.875,260643.609375,237956.0625,273500.96875
1771506921.2494404,Relaxed,261938.671875,260663.28125,326832.21875,297217.34375,275364.125,260642.90625,237953.46875,273499.0
1771506921.2494404,Relaxed,261941.0,260664.09375,326827.59375,297216.15625,275361.96875,260640.9375,237953.90625,273497.125
1771506921.273636,Relaxed,261943.59375,260669.0,326830.34375,297213.75,275362.6875,260642.1875,237955.875,273488.71875
1771506921.273636,Relaxed,261950.203125,260672.3125,326824.90625,297212.59375,275361.96875,260639.0625,237956.421875,273484.15625
1771506921.273636,Relaxed,261946.28125,260667.9375,326808.09375,297207.40625,275359.5625,260635.203125,237955.703125,273486.21875
1771506921.273636,Relaxed,261946.90625,260668.109375,326802.90625,297205.71875,275361.0625,260635.75,237957.046875,273491.21875
1771506921.273636,Relaxed,261944.046875,260665.515625,326796.8125,297196.75,275356.53125,260632.171875,237949.890625,273492.1875
1771506921.273636,Relaxed,261939.125,260663.1875,326790.9375,297185.15625,275354.375,260628.421875,237953.015625,273481.03125
1771506921.2898796,Relaxed,261933.484375,260659.703125,326782.59375,297179.78125,275352.59375,260627.515625,237948.546875,273482.1875
1771506921.2898796,Relaxed,261931.25,260657.921875,326771.875,297174.59375,275354.625,260629.9375,237948.015625,273486.03125
1771506921.2898796,Relaxed,261930.8125,260654.96875,326762.03125,297168.78125,275353.9375,260627.515625,237947.390625,273487.375
1771506921.2898796,Relaxed,261940.1875,260662.21875,326766.6875,297169.59375,275358.125,260630.5625,237951.5,273485.78125
1771506921.3128831,Relaxed,261941.890625,260664.625,326764.28125,297164.5,275359.28125,260631.546875,237954.8125,273488.28125
1771506921.3128831,Relaxed,261938.765625,260664.171875,326756.5,297161.1875,275358.21875,260629.75,237955.875,273485.40625
1771506921.3128831,Relaxed,261935.28125,260661.40625,326745.0625,297157.59375,275358.9375,260629.40625,237953.203125,273485.3125
1771506921.3128831,Relaxed,261933.3125,260658.375,326738.34375,297148.9375,275356.96875,260630.203125,237946.3125,273486.84375
1771506921.3128831,Relaxed,261933.484375,260656.046875,326734.96875,297142.59375,275356.59375,260629.75,237946.046875,273485.125
1771506921.3128831,Relaxed,261934.109375,260655.0625,326733.15625,297137.03125,275357.5,260629.75,237948.8125,273483.09375
1771506921.347471,Relaxed,261934.921875,260657.109375,326727.34375,297134.09375,275358.125,260629.9375,237948.640625,273482.28125
1771506921.347471,Relaxed,261935.71875,260656.484375,326715.09375,297131.21875,275353.84375,260628.59375,237946.40625,273483.1875
1771506921.347471,Relaxed,261939.5625,260659.890625,326709.5625,297133.28125,275354.1875,260630.46875,237948.453125,273487.90625
1771506921.347471,Relaxed,261938.671875,260661.859375,326704.5625,297128.5625,275359.90625,260632.171875,237952.125,273489.34375
1771506921.347471,Relaxed,261931.96875,260660.328125,326699.625,297116.3125,275361.25,260633.0625,237953.46875,273490.5
1771506921.347471,Relaxed,261931.25,260661.671875,326696.34375,297114.25,275362.25,260635.84375,237954.625,273491.3125
1771506921.347471,Relaxed,261929.375,260659.0,326689.1875,297111.5625,275360.0,260634.765625,237951.140625,273492.46875
1771506921.347471,Relaxed,261926.0625,260655.421875,326679.0,297106.28125,275357.59375,260634.140625,237947.65625,273493.46875
1771506921.373059,Relaxed,261922.671875,260651.578125,326669.78125,297097.6875,275353.5625,260631.984375,237945.59375,273492.03125
1771506921.373059,Relaxed,261919.453125,260648.53125,326663.53125,297090.46875,275348.46875,260628.5,237944.703125,273485.78125
1771506921.373059,Relaxed,261919.359375,260647.015625,326658.34375,297083.21875,275344.4375,260624.578125,237941.21875,273480.65625
1771506921.373059,Relaxed,261924.109375,260649.515625,326653.0625,297080.34375,275344.34375,260624.296875,237940.5,273482.8125
1771506921.373059,Relaxed,261926.15625,260649.78125,326643.125,297075.53125,275341.0625,260618.9375,237937.375,273479.59375
1771506921.373059,Relaxed,261923.03125,260647.640625,326636.96875,297068.65625,275335.78125,260611.875,237934.234375,273472.34375
1771506921.373059,Relaxed,261919.625,260645.84375,326631.96875,297062.21875,275332.1875,260607.3125,237932.0,273464.5
1771506921.373059,Relaxed,261920.796875,260649.15625,326627.03125,297062.84375,275336.21875,260609.734375,237935.671875,273463.9375
1771506921.397474,Relaxed,261924.8125,260652.46875,326622.40625,297064.25,275342.21875,260614.015625,237937.546875,273466.8125
1771506921.397474,Relaxed,261928.296875,260654.34375,326619.1875,297063.1875,275346.0625,260616.96875,237938.53125,273472.1875
1771506921.397474,Relaxed,261925.171875,260652.734375,326614.625,297055.5,275343.8125,260615.984375,237936.75,273467.71875
1771506921.397474,Relaxed,261923.203125,260653.359375,326612.28125,297048.875,275343.09375,260615.1875,237936.65625,273462.4375
1771506921.397474,Relaxed,261923.390625,260654.34375,326606.75,297042.4375,275345.25,260618.484375,237936.65625,273466.28125
1771506921.397474,Relaxed,261924.375,260653.0,326598.6875,297039.15625,275347.125,260621.703125,237936.03125,273471.5625
1771506921.4201946,Relaxed,261921.859375,260652.375,326593.34375,297032.4375,275348.5625,260624.125,237934.78125,273474.5
1771506921.4201946,Relaxed,261915.421875,260648.71875,326583.5,297025.0,275346.78125,260621.625,237934.421875,273474.9375
1771506921.4201946,Relaxed,261917.125,260650.671875,326580.28125,297024.3125,275350.25,260624.390625,237941.125,273477.53125
1771506921.4201946,Relaxed,261911.5,260649.6875,326570.34375,297018.65625,275350.34375,260624.484375,237943.1875,273480.5
1771506921.4201946,Relaxed,261906.046875,260650.234375,326561.15625,297011.6875,275351.5,260625.828125,237941.21875,273481.90625
1771506921.4201946,Relaxed,261905.5,260648.890625,326557.03125,297005.53125,275351.5,260627.96875,237937.28125,273485.59375
1771506921.4567513,Relaxed,261905.0625,260641.5625,326550.875,296996.3125,275345.15625,260622.25,237932.359375,273478.0625
1771506921.4567513,Relaxed,261909.53125,260647.546875,326557.21875,296991.5625,275351.0625,260630.65625,237938.0,273485.3125
1771506921.4567513,Relaxed,261911.40625,260654.34375,326558.8125,296987.09375,275356.25,260643.796875,237943.265625,273491.125
1771506921.4567513,Relaxed,261917.390625,260657.46875,326558.375,296982.625,275354.09375,260647.453125,237937.90625,273496.21875
1771506921.4567513,Relaxed,261925.0,260665.4375,326559.375,296983.875,275363.59375,260651.125,237943.359375,273511.0625
1771506921.4567513,Relaxed,261924.015625,260669.453125,326556.3125,296978.96875,275372.15625,260650.234375,237946.484375,273510.53125
1771506921.4567513,Relaxed,261918.5625,260662.125,326546.03125,296966.09375,275353.03125,260645.140625,237939.0625,273498.28125
1771506921.4816854,Relaxed,261919.453125,260662.296875,326544.4375,296959.75,275350.25,260648.078125,237938.0,273490.6875
1771506921.4816854,Relaxed,261912.125,260656.578125,326528.15625,296949.71875,275345.25,260640.03125,237930.21875,273476.65625
1771506921.4816854,Relaxed,261907.109375,260651.390625,326516.4375,296944.0,275343.65625,260630.734375,237922.34375,273467.0
1771506921.4816854,Relaxed,261903.09375,260648.625,326509.65625,296940.625,275342.75,260623.953125,237921.28125,273463.40625
1771506921.4816854,Relaxed,261908.640625,260656.40625,326513.5,296940.53125,275347.5,260624.21875,237926.734375,273461.625
1771506921.5361927,Relaxed,261914.453125,260659.265625,326511.25,296940.15625,275350.71875,260627.25,237930.21875,273464.9375
1771506921.5361927,Relaxed,261917.125,260660.78125,326505.71875,296939.28125,275352.59375,260630.65625,237931.296875,273468.78125
1771506921.5361927,Relaxed,261912.484375,260658.375,326495.6875,296929.34375,275353.375,260630.203125,237927.0,273470.75
1771506921.5361927,Relaxed,261912.484375,260660.6875,326491.59375,296927.03125,275355.34375,260629.125,237929.5,273467.71875
1771506921.5361927,Relaxed,261909.171875,260658.640625,326486.65625,296919.0625,275353.03125,260622.6875,237928.15625,273464.3125
1771506921.5361927,Relaxed,261911.40625,260663.734375,326486.03125,296913.6875,275354.8125,260622.609375,237929.140625,273458.75
1771506921.5361927,Relaxed,261915.515625,260668.109375,326484.25,296910.21875,275357.21875,260627.25,237929.953125,273459.5625
1771506921.5361927,Relaxed,261921.421875,260670.890625,326483.71875,296910.65625,275363.9375,260636.734375,237936.5625,273468.15625
1771506921.5361927,Relaxed,261929.640625,260674.546875,326485.78125,296912.0,275367.34375,260645.765625,237945.15625,273472.96875
1771506921.5361927,Relaxed,261928.84375,260674.453125,326483.625,296906.90625,275368.9375,260653.359375,237950.78125,273477.09375
1771506921.5361927,Relaxed,261923.46875,260667.21875,326472.46875,296895.8125,275366.0,260652.375,237947.109375,273476.125
1771506921.5586586,Relaxed,261925.171875,260664.53125,326466.1875,296892.0625,275367.34375,260654.515625,237946.046875,273479.78125
1771506921.5586586,Relaxed,261928.125,260660.953125,326463.0625,296886.96875,275365.375,260656.125,237941.03125,273481.03125
1771506921.5586586,Relaxed,261924.375,260655.59375,326455.8125,296878.21875,275360.8125,260653.546875,237936.921875,273481.46875
1771506921.5586586,Relaxed,261920.96875,260652.734375,326453.5,296873.03125,275359.46875,260651.578125,237937.546875,273482.09375
1771506921.5586586,Relaxed,261921.859375,260651.9375,326451.4375,296870.4375,275360.0,260650.59375,237939.515625,273477.1875
1771506921.5586586,Relaxed,261923.828125,260655.234375,326448.75,296869.96875,275363.9375,260652.734375,237938.625,273480.03125
1771506921.5586586,Relaxed,261921.6875,260655.78125,326441.875,296865.0625,275364.28125,260652.375,237936.125,273477.53125
1771506921.5586586,Relaxed,261926.15625,260662.125,326440.8125,296864.625,275368.0625,260653.0,237943.453125,273469.6875
1771506921.5586586,Relaxed,261924.546875,260658.71875,326435.71875,296857.65625,275361.34375,260646.03125,237940.046875,273468.40625
1771506921.5586586,Relaxed,261923.203125,260656.3125,326430.78125,296849.59375,275356.875,260642.1875,237936.828125,273466.8125
1771506921.5886316,Relaxed,261920.796875,260652.375,326419.96875,296847.28125,275352.84375,260638.96875,237933.96875,273466.8125
1771506921.5886316,Relaxed,261924.734375,260656.046875,326418.46875,296851.46875,275357.78125,260643.34375,237939.15625,273474.15625
1771506921.5886316,Relaxed,261920.34375,260651.296875,326413.53125,296844.875,275356.4375,260641.5625,237939.875,273475.65625
1771506921.5886316,Relaxed,261914.890625,260646.390625,326407.625,296837.34375,275355.1875,260639.59375,237943.0,273482.625
1771506921.5886316,Relaxed,261904.703125,260636.640625,326393.15625,296824.84375,275347.9375,260631.1875,237937.90625,273473.59375
1771506921.5886316,Relaxed,261897.90625,260629.75,326380.625,296813.46875,275343.1875,260627.4375,237928.609375,273461.0
1771506921.5886316,Relaxed,261905.953125,260636.546875,326382.0625,296817.40625,275350.875,260634.40625,237929.765625,273467.96875
1771506921.5886316,Relaxed,261904.4375,260635.03125,326376.96875,296811.59375,275350.25,260633.78125,237930.390625,273474.15625
1771506921.6217172,Relaxed,261900.234375,260631.71875,326371.78125,296799.0,275348.28125,260632.34375,237928.875,273472.34375
1771506921.6217172,Relaxed,261906.125,260638.609375,326376.53125,296799.71875,275357.40625,260642.90625,237934.15625,273476.125
1771506921.6217172,Relaxed,261898.53125,260630.5625,326362.21875,296790.9375,275351.96875,260640.484375,237926.546875,273476.375
1771506921.6217172,Relaxed,261898.359375,260631.09375,326355.4375,296789.15625,275350.625,260640.671875,237924.578125,273474.5
1771506921.6217172,Relaxed,261895.3125,260629.9375,326351.40625,296786.125,275346.25,260639.0625,237924.046875,273475.125
1771506921.6217172,Relaxed,261899.34375,260636.015625,326353.09375,296789.53125,275345.875,260640.9375,237928.609375,273473.53125
1771506921.6217172,Relaxed,261898.4375,260636.375,326349.875,296786.03125,275344.71875,260639.765625,237928.515625,273473.96875
1771506921.651191,Relaxed,261897.1875,260634.859375,326340.65625,296782.46875,275344.09375,260636.90625,237925.484375,273474.78125
1771506921.651191,Relaxed,261899.34375,260636.1875,326336.90625,296782.0,275347.21875,260637.53125,237925.75,273478.78125
1771506921.651191,Relaxed,261898.984375,260637.0,326332.71875,296777.53125,275346.15625,260636.015625,237926.640625,273479.40625
1771506921.651191,Relaxed,261898.796875,260636.28125,326327.34375,296770.46875,275341.84375,260631.453125,237925.484375,273470.125
1771506921.651191,Relaxed,261901.578125,260637.09375,326321.90625,296770.125,275340.59375,260630.296875,237928.34375,273468.34375
1771506921.651191,Relaxed,261899.25,260634.40625,326312.5,296767.15625,275339.71875,260629.671875,237927.53125,273470.3125
1771506921.651191,Relaxed,261896.46875,260630.921875,326303.46875,296759.125,275340.25,260629.75,237924.859375,273471.71875
1771506921.651191,Relaxed,261891.5625,260627.078125,326296.9375,296748.3125,275335.59375,260623.765625,237919.046875,273465.8125
1771506921.651191,Relaxed,261895.484375,260632.796875,326298.46875,296746.15625,275337.375,260626.625,237922.796875,273462.96875
1771506921.6786711,Relaxed,261894.859375,260633.59375,326294.71875,296743.90625,275339.0,260627.171875,237925.484375,273464.75
1771506921.6786711,Relaxed,261894.0625,260633.6875,326289.34375,296741.40625,275341.0625,260627.875,237925.03125,273469.40625
1771506921.6786711,Relaxed,261898.359375,260637.0,326286.84375,296742.5,275343.28125,260631.984375,237926.109375,273465.46875
1771506921.6786711,Relaxed,261897.453125,260635.75,326279.34375,296739.09375,275341.84375,260628.953125,237927.890625,273456.53125
1771506921.6786711,Relaxed,261900.671875,260640.390625,326279.4375,296737.5625,275345.6875,260632.890625,237931.109375,273466.28125
1771506921.6786711,Relaxed,261902.015625,260644.515625,326279.53125,296735.6875,275350.53125,260638.15625,237933.796875,273473.59375
1771506921.6786711,Relaxed,261893.875,260639.40625,326267.53125,296727.75,275346.3125,260632.703125,237929.59375,273472.4375
1771506921.6974678,Relaxed,261891.375,260635.75,326257.53125,296720.125,275343.46875,260630.65625,237923.515625,273464.84375
1771506921.6974678,Relaxed,261889.859375,260630.65625,326250.5625,296710.75,275335.40625,260621.796875,237914.03125,273448.9375
1771506921.6974678,Relaxed,261889.953125,260629.484375,326246.0,296706.09375,275332.46875,260616.703125,237913.328125,273446.59375
1771506921.6974678,Relaxed,261890.3125,260629.046875,326239.90625,296703.5,275331.75,260616.078125,237914.578125,273451.96875
1771506921.6974678,Relaxed,261890.390625,260626.53125,326229.90625,296699.46875,275328.4375,260612.765625,237911.71875,273448.21875
1771506921.7253494,Relaxed,261899.421875,260634.40625,326229.96875,296704.5,275334.34375,260615.90625,237914.578125,273450.71875
1771506921.7253494,Relaxed,261903.53125,260638.609375,326230.53125,296705.5625,275338.46875,260620.015625,237918.859375,273459.125
1771506921.7253494,Relaxed,261897.640625,260634.765625,326224.0,296697.875,275334.15625,260616.53125,237919.21875,273454.90625
1771506921.7253494,Relaxed,261894.234375,260635.484375,326219.78125,296694.65625,275337.03125,260617.234375,237923.609375,273456.53125
1771506921.7500324,Relaxed,261895.765625,260640.390625,326217.375,296695.90625,275343.90625,260623.5,237926.640625,273459.125
1771506921.7500324,Relaxed,261892.09375,260637.625,326208.15625,296690.1875,275343.375,260623.40625,237923.515625,273461.28125
1771506921.7500324,Relaxed,261892.984375,260637.453125,326204.3125,296688.65625,275347.21875,260623.59375,237929.234375,273467.875
1771506921.7500324,Relaxed,261895.9375,260637.265625,326204.5,296683.5625,275347.65625,260622.96875,237931.921875,273462.96875
1771506921.7500324,Relaxed,261893.96875,260634.3125,326197.25,296676.875,275343.90625,260619.65625,237928.78125,273454.28125
1771506921.7500324,Relaxed,261887.53125,260629.578125,326186.96875,296670.78125,275342.46875,260618.9375,237925.296875,273459.125
1771506921.7500324,Relaxed,261887.171875,260628.140625,326181.09375,296667.21875,275338.28125,260617.15625,237921.28125,273458.21875
1771506921.7500324,Relaxed,261886.546875,260628.6875,326175.8125,296662.5625,275335.15625,260615.359375,237919.75,273455.375
1771506921.7500324,Relaxed,261889.6875,260629.9375,326174.90625,296659.34375,275334.0625,260614.46875,237921.453125,273450.71875
1771506921.7749653,Relaxed,261890.65625,260631.1875,326170.78125,296656.46875,275336.03125,260613.75,237924.859375,273456.0
1771506921.7749653,Relaxed,261887.71875,260626.265625,326158.71875,296650.21875,275333.0,260610.4375,237920.5625,273456.1875
1771506921.7749653,Relaxed,261881.640625,260616.703125,326138.6875,296641.375,275322.28125,260597.484375,237909.125,273444.90625
1771506921.7749653,Relaxed,261884.21875,260619.921875,326134.84375,296637.875,275320.65625,260595.78125,237910.015625,273447.59375
1771506921.7749653,Relaxed,261887.359375,260621.53125,326133.25,296634.40625,275320.40625,260596.140625,237913.59375,273444.46875
1771506921.7749653,Relaxed,261882.265625,260616.25,326122.4375,296626.875,275313.96875,260590.6875,237906.078125,273425.3125
1771506921.801783,Relaxed,261891.015625,260628.59375,326126.71875,296637.53125,275327.90625,260605.171875,237917.609375,273439.4375
1771506921.801783,Relaxed,261893.96875,260631.1875,326122.59375,296638.34375,275332.03125,260610.359375,237919.9375,273447.59375
1771506921.801783,Relaxed,261892.90625,260628.328125,326116.34375,296630.28125,275331.03125,260608.921875,237918.5,273447.9375
1771506921.801783,Relaxed,261894.15625,260631.546875,326113.84375,296627.59375,275332.8125,260607.046875,237924.3125,273446.0625
1771506921.801783,Relaxed,261895.9375,260630.390625,326106.4375,296620.71875,275328.96875,260602.3125,237916.8125,273445.4375
1771506921.801783,Relaxed,261896.390625,260631.09375,326101.6875,296618.46875,275333.09375,260605.4375,237918.328125,273452.5
1771506921.801783,Relaxed,261889.234375,260619.03125,326085.6875,296606.15625,275320.84375,260595.609375,237902.6875,273434.53125
1771506921.827434,Relaxed,261890.84375,260617.515625,326078.15625,296603.46875,275320.40625,260594.984375,237904.921875,273435.875
1771506921.827434,Relaxed,261893.875,260619.65625,326076.28125,296602.5625,275322.53125,260596.40625,237911.265625,273439.71875
1771506921.827434,Relaxed,261892.8125,260618.140625,326071.5625,296597.28125,275321.90625,260595.78125,237911.171875,273438.375
1771506921.827434,Relaxed,261890.84375,260616.609375,326065.5625,296594.875,275323.25,260597.578125,237912.96875,273442.125
1771506921.827434,Relaxed,261891.015625,260617.15625,326060.375,296593.90625,275323.78125,260597.65625,237911.4375,273442.9375
1771506921.827434,Relaxed,261892.09375,260619.203125,326060.65625,296590.3125,275325.5,260599.09375,237910.734375,273446.6875
1771506921.8543053,Relaxed,261888.515625,260615.90625,326050.90625,296581.75,275320.40625,260594.171875,237907.0625,273442.84375
1771506921.8543053,Relaxed,261882.265625,260610.09375,326034.90625,296576.0,275314.21875,260585.234375,237904.296875,273436.0625
1771506921.8543053,Relaxed,261881.90625,260610.265625,326028.5625,296574.3125,275315.375,260586.21875,237905.546875,273437.9375
1771506921.8543053,Relaxed,261881.984375,260611.609375,326023.71875,296572.78125,275316.03125,260587.5625,237903.390625,273438.75
1771506921.8543053,Relaxed,261883.78125,260613.390625,326020.25,296573.59375,275318.34375,260588.0,237905.8125,273439.53125
1771506921.8543053,Relaxed,261887.265625,260616.703125,326021.40625,296572.875,275320.21875,260588.984375,237911.0,273439.53125
1771506921.8707542,Relaxed,261887.53125,260616.609375,326019.6875,296566.90625,275317.90625,260589.796875,237909.5625,273435.6875
1771506921.8707542,Relaxed,261877.609375,260605.34375,326004.78125,296555.8125,275309.3125,260581.75,237901.96875,273432.375
1771506921.8707542,Relaxed,261870.015625,260595.609375,325990.65625,296546.78125,275303.5,260574.765625,237895.4375,273431.84375
1771506921.8707542,Relaxed,261869.296875,260594.359375,325986.71875,296542.75,275304.9375,260574.765625,237896.875,273436.0625
1771506921.9000669,Relaxed,261866.171875,260593.09375,325980.09375,296536.0625,275299.75,260571.015625,237895.171875,273429.34375
1771506921.9000669,Relaxed,261864.828125,260595.328125,325977.21875,296531.3125,275301.1875,260574.328125,237895.703125,273430.6875
1771506921.9000669,Relaxed,261865.0,260596.140625,325972.21875,296531.5,275306.28125,260580.046875,237896.421875,273433.09375
1771506921.9000669,Relaxed,261872.0625,260603.65625,325973.5625,296538.09375,275317.0,260590.953125,237902.765625,273440.625
1771506921.9000669,Relaxed,261877.78125,260609.1875,325975.09375,296538.46875,275321.90625,260595.609375,237910.015625,273439.8125
1771506921.9000669,Relaxed,261871.359375,260602.9375,325963.0,296527.65625,275313.78125,260585.046875,237906.96875,273432.46875
1771506921.9275048,Relaxed,261869.109375,260600.15625,325952.375,296522.28125,275311.71875,260580.671875,237907.59375,273426.5
1771506921.9275048,Relaxed,261873.671875,260605.078125,325952.375,296523.96875,275318.6875,260587.015625,237913.234375,273434.1875
1771506921.9275048,Relaxed,261875.109375,260606.78125,325947.375,296523.34375,275319.25,260585.59375,237912.0625,273435.6875
1771506921.9275048,Relaxed,261870.71875,260603.203125,325938.4375,296518.53125,275316.375,260582.453125,237911.4375,273441.15625
1771506921.9275048,Relaxed,261860.796875,260594.359375,325925.71875,296506.375,275305.1875,260572.0,237906.25,273435.15625
1771506921.9275048,Relaxed,261861.34375,260592.828125,325922.6875,296502.875,275303.9375,260571.109375,237906.34375,273429.71875
1771506921.9275048,Relaxed,261860.09375,260591.046875,325917.6875,296499.40625,275302.59375,260569.046875,237902.953125,273415.65625
1771506921.9275048,Relaxed,261862.59375,260588.71875,325912.78125,296494.90625,275301.4375,260571.546875,237895.078125,273427.46875
1771506921.9525728,Relaxed,261870.640625,260593.90625,325912.6875,296496.875,275304.125,260573.703125,237901.34375,273434.1875
1771506921.9525728,Relaxed,261867.5,260592.921875,325903.125,296488.21875,275296.09375,260566.015625,237898.5625,273424.34375
1771506921.9525728,Relaxed,261863.03125,260588.265625,325893.09375,296477.3125,275287.5,260557.609375,237890.96875,273410.40625
1771506921.9525728,Relaxed,261863.84375,260588.453125,325886.75,296473.1875,275286.25,260559.21875,237887.484375,273413.34375
1771506921.9525728,Relaxed,261865.09375,260585.234375,325879.96875,296467.28125,275283.75,260556.71875,237879.875,273411.90625
1771506921.9525728,Relaxed,261871.796875,260587.640625,325879.6875,296465.875,275284.46875,260558.328125,237883.28125,273415.75
1771506921.976254,Relaxed,261872.15625,260592.390625,325878.625,296471.40625,275289.28125,260561.71875,237891.421875,273419.59375
1771506921.976254,Relaxed,261869.296875,260593.1875,325873.25,296469.625,275293.40625,260564.765625,237893.65625,273419.78125
1771506921.976254,Relaxed,261875.828125,260594.796875,325868.875,296469.25,275298.75,260567.53125,237898.03125,273422.03125
1771506921.976254,Relaxed,261873.3125,260587.734375,325858.40625,296460.78125,275296.0,260563.859375,237891.6875,273419.78125
1771506921.976254,Relaxed,261869.46875,260584.15625,325855.28125,296448.59375,275295.90625,260564.40625,237889.453125,273424.875
1771506921.976254,Relaxed,261867.5,260583.4375,325852.15625,296444.125,275297.78125,260566.28125,237894.71875,273433.5625
1771506921.976254,Relaxed,261878.0625,260592.5625,325854.375,296448.34375,275302.6875,260573.25,237900.171875,273421.75
1771506921.976254,Relaxed,261876.359375,260592.390625,325849.1875,296445.3125,275305.28125,260576.46875,237900.71875,273428.625
1771506921.9986768,Relaxed,261873.5,260590.59375,325841.5,296442.71875,275305.90625,260574.953125,237899.734375,273427.03125
1771506921.9986768,Relaxed,261873.765625,260593.1875,325839.90625,296443.96875,275307.875,260577.1875,237905.09375,273428.625
1771506921.9986768,Relaxed,261871.265625,260590.421875,325831.9375,296438.5,275299.65625,260571.46875,237898.390625,273423.0
1771506921.9986768,Relaxed,261870.1875,260587.203125,325825.0625,296428.9375,275297.15625,260570.03125,237894.90625,273425.15625
1771506921.9986768,Relaxed,261871.984375,260589.875,325823.09375,296426.4375,275299.03125,260572.984375,237896.6875,273426.65625
1771506921.9986768,Relaxed,261875.828125,260596.140625,325825.6875,296429.65625,275304.9375,260579.875,237901.15625,273432.65625
1771506922.0342212,Relaxed,261873.40625,260592.203125,325817.625,296422.40625,275301.875,260577.0,237894.90625,273435.53125
1771506922.0342212,Relaxed,261870.90625,260589.171875,325811.90625,296413.125,275295.625,260569.40625,237890.703125,273424.34375
1771506922.0342212,Relaxed,261873.5,260592.921875,325811.03125,296412.21875,275299.9375,260573.78125,237897.140625,273425.875
1771506922.0342212,Relaxed,261875.828125,260592.03125,325805.5625,296410.4375,275300.71875,260575.84375,237894.453125,273428.71875
1771506922.0342212,Relaxed,261872.328125,260584.515625,325795.46875,296402.21875,275294.90625,260570.75,237884.984375,273426.125
1771506922.0342212,Relaxed,261868.484375,260579.234375,325786.4375,296393.90625,275288.46875,260565.46875,237880.234375,273420.21875
1771506922.0342212,Relaxed,261868.484375,260581.484375,325783.03125,296392.71875,275287.5,260563.421875,237883.8125,273412.625
1771506922.0342212,Relaxed,261869.203125,260583.171875,325778.5625,296393.4375,275287.0625,260562.703125,237883.734375,273410.03125
1771506922.0575294,Relaxed,261870.71875,260583.625,325773.46875,296392.71875,275288.03125,260565.734375,237882.5625,273415.03125
1771506922.0575294,Relaxed,261872.875,260583.171875,325764.25,296386.1875,275289.71875,260565.734375,237881.046875,273419.15625
1771506922.0575294,Relaxed,261876.8125,260583.265625,325762.125,296383.15625,275289.28125,260563.59375,237881.84375,273414.6875
1771506922.0575294,Relaxed,261881.546875,260585.40625,325763.8125,296382.1875,275292.6875,260564.484375,237888.109375,273414.96875
1771506922.0575294,Relaxed,261881.8125,260589.703125,325760.6875,296380.46875,275295.90625,260566.09375,237891.765625,273414.34375
1771506922.0575294,Relaxed,261886.109375,260597.65625,325757.90625,296387.46875,275301.53125,260569.765625,237896.421875,273409.6875
1771506922.0575294,Relaxed,261884.671875,260593.453125,325746.1875,296378.4375,275297.59375,260565.734375,237890.078125,273409.40625
1771506922.0937545,Relaxed,261881.359375,260587.640625,325735.90625,296365.90625,275291.59375,260558.046875,237885.0625,273407.28125
1771506922.0937545,Relaxed,261887.359375,260594.265625,325740.40625,296367.78125,275297.34375,260561.546875,237894.015625,273411.1875
1771506922.0937545,Relaxed,261889.765625,260598.203125,325740.03125,296370.8125,275302.78125,260565.5625,237900.984375,273416.21875
1771506922.0937545,Relaxed,261884.140625,260592.65625,325726.96875,296366.34375,275300.90625,260562.171875,237900.359375,273413.53125
1771506922.0937545,Relaxed,261877.34375,260584.609375,325714.1875,296361.15625,275296.625,260556.4375,237895.265625,273412.53125
1771506922.0937545,Relaxed,261876.53125,260583.265625,325710.625,296357.21875,275293.65625,260554.65625,237890.515625,273414.25
1771506922.0937545,Relaxed,261869.390625,260578.4375,325704.375,296347.9375,275287.6875,260548.578125,237888.640625,273408.0625
1771506922.1193461,Relaxed,261875.640625,260586.75,325708.21875,296352.21875,275296.71875,260558.953125,237899.28125,273414.6875
1771506922.1193461,Relaxed,261875.828125,260587.640625,325705.875,296351.5,275301.8125,260565.734375,237903.125,273420.78125
1771506922.1193461,Relaxed,261876.890625,260588.1875,325705.4375,296350.78125,275306.53125,260571.828125,237904.640625,273428.375
1771506922.1193461,Relaxed,261876.0,260590.15625,325705.78125,296346.9375,275308.9375,260576.015625,237906.4375,273432.9375
1771506922.1193461,Relaxed,261877.078125,260595.6875,325710.875,296344.625,275313.4375,260583.265625,237911.796875,273438.90625
1771506922.1193461,Relaxed,261881.90625,260602.390625,325714.375,296347.21875,275316.65625,260587.203125,237914.65625,273434.90625
1771506922.1193461,Relaxed,261875.828125,260595.875,325702.40625,296340.6875,275310.5625,260579.6875,237907.328125,273431.40625
1771506922.1193461,Relaxed,261869.46875,260587.28125,325691.5625,296332.03125,275303.40625,260575.3125,237899.1875,273431.75
1771506922.1448643,Relaxed,261859.90625,260577.0,325678.0,296318.4375,275290.625,260563.78125,237886.765625,273416.21875
1771506922.1448643,Relaxed,261852.125,260571.375,325666.375,296306.28125,275281.6875,260555.734375,237879.875,273405.75
1771506922.1448643,Relaxed,261851.234375,260571.46875,325658.40625,296301.96875,275278.375,260552.515625,237877.015625,273400.375
1771506922.1448643,Relaxed,261854.1875,260572.984375,325654.5625,296303.84375,275277.21875,260551.890625,237876.484375,273396.71875
1771506922.1750777,Relaxed,261861.25,260580.046875,325655.625,296308.40625,275282.03125,260555.1875,237881.484375,273396.8125
1771506922.1750777,Relaxed,261868.3125,260587.734375,325658.9375,296310.375,275287.3125,260558.5,237888.203125,273401.1875
1771506922.1750777,Relaxed,261871.625,260590.78125,325661.1875,296308.875,275288.375,260558.953125,237892.84375,273395.90625
1771506922.1750777,Relaxed,261874.125,260593.546875,325658.5,296307.0625,275292.78125,260562.34375,237899.375,273401.28125
1771506922.1750777,Relaxed,261875.640625,260591.578125,325646.96875,296304.65625,275290.625,260560.28125,237892.84375,273400.125
1771506922.2036526,Relaxed,261881.453125,260592.65625,325642.5,296306.28125,275293.84375,260563.15625,237894.015625,273402.34375
1771506922.2036526,Relaxed,261883.59375,260592.921875,325640.4375,296304.84375,275296.0,260565.390625,237898.484375,273406.625
1771506922.2036526,Relaxed,261885.296875,260592.5625,325640.625,296301.96875,275294.90625,260564.671875,237901.515625,273404.0625
1771506922.2036526,Relaxed,261880.65625,260588.625,325632.84375,296296.0,275291.78125,260560.640625,237898.65625,273400.75
1771506922.2036526,Relaxed,261887.265625,260593.640625,325632.65625,296297.875,275297.5,260567.34375,237903.125,273409.84375
1771506922.2036526,Relaxed,261893.96875,260602.21875,325633.5625,296302.6875,275306.28125,260575.671875,237909.46875,273417.09375
1771506922.2036526,Relaxed,261887.4375,260603.921875,325624.96875,296296.09375,275306.625,260573.078125,237907.328125,273407.34375
1771506922.2036526,Relaxed,261881.90625,260601.859375,325619.875,296286.34375,275302.15625,260568.0625,237906.53125,273406.0
1771506922.2036526,Relaxed,261877.609375,260593.015625,325615.59375,296276.5,275293.65625,260561.359375,237901.96875,273407.09375
1771506922.2036526,Relaxed,261870.640625,260583.625,325601.28125,296268.4375,275285.875,260555.546875,237892.671875,273403.0625
1771506922.2036526,Relaxed,261871.53125,260585.046875,325595.03125,296268.0,275288.21875,260558.046875,237891.328125,273405.46875
1771506922.2036526,Relaxed,261865.265625,260576.46875,325589.84375,296252.8125,275282.84375,260553.5,237886.3125,273404.3125
1771506922.2268224,Relaxed,261863.84375,260572.53125,325587.59375,296244.75,275278.90625,260549.921875,237886.3125,273402.78125
1771506922.2268224,Relaxed,261865.265625,260573.34375,325588.125,296241.625,275277.75,260551.171875,237886.59375,273405.3125
1771506922.2268224,Relaxed,261858.125,260565.390625,325576.34375,296230.1875,275267.375,260544.546875,237873.359375,273397.78125
1771506922.2268224,Relaxed,261850.96875,260558.671875,325567.65625,296219.90625,275261.46875,260542.5,237863.4375,273395.90625
1771506922.2268224,Relaxed,261859.1875,260567.078125,325574.0,296222.40625,275269.625,260552.859375,237870.40625,273401.8125
1771506922.253721,Relaxed,261859.546875,260569.234375,325573.8125,296220.0,275270.96875,260555.015625,237874.96875,273398.40625
1771506922.253721,Relaxed,261855.96875,260567.984375,325569.09375,296216.59375,275270.96875,260553.9375,237874.34375,273396.90625
1771506922.253721,Relaxed,261855.703125,260568.6875,325564.53125,296215.0625,275275.0625,260556.890625,237873.4375,273400.375
1771506922.253721,Relaxed,261853.734375,260566.1875,325557.46875,296211.9375,275276.0625,260557.78125,237872.640625,273401.09375
1771506922.253721,Relaxed,261858.5625,260570.84375,325555.5,296215.25,275278.09375,260559.84375,237877.015625,273401.0
1771506922.253721,Relaxed,261861.15625,260573.4375,325553.1875,296215.0,275280.0,260559.578125,237882.75,273407.09375
1771506922.253721,Relaxed,261857.84375,260568.328125,325544.5,296203.8125,275271.59375,260549.203125,237874.515625,273391.1875
1771506922.2838092,Relaxed,261859.015625,260567.984375,325541.0,296200.0625,275270.96875,260547.953125,237872.734375,273390.8125
1771506922.2838092,Relaxed,261863.125,260568.953125,325531.34375,296204.09375,275273.625,260547.859375,237877.375,273395.46875
1771506922.2838092,Relaxed,261865.8125,260569.3125,325526.34375,296202.03125,275273.46875,260545.71875,237879.703125,273394.65625
1771506922.2838092,Relaxed,261868.84375,260573.609375,325528.125,296198.625,275274.1875,260546.515625,237882.75,273395.90625
1771506922.2838092,Relaxed,261869.75,260578.171875,325531.625,296196.3125,275275.96875,260549.5625,237884.171875,273395.03125
1771506922.2838092,Relaxed,261863.75,260571.828125,325518.5625,296188.25,275272.84375,260548.75,237878.625,273394.65625
1771506922.2838092,Relaxed,261869.203125,260576.109375,325513.46875,296193.4375,275280.78125,260557.34375,237884.984375,273402.25
1771506922.2838092,Relaxed,261863.125,260571.375,325504.96875,296185.3125,275276.40625,260553.40625,237880.59375,273395.90625
1771506922.3074708,Relaxed,261862.40625,260571.203125,325502.21875,296181.8125,275276.0625,260551.25,237883.28125,273396.28125
1771506922.3074708,Relaxed,261861.34375,260570.5625,325497.75,296179.3125,275275.6875,260548.390625,237885.34375,273395.28125
1771506922.3074708,Relaxed,261854.453125,260563.15625,325484.6875,296171.71875,275273.0,260542.765625,237882.65625,273395.46875
1771506922.3074708,Relaxed,261854.359375,260560.828125,325477.96875,296170.09375,275274.8125,260543.65625,237882.75,273396.1875
1771506922.3074708,Relaxed,261853.734375,260556.890625,325472.625,296168.125,275272.375,260540.96875,237880.515625,273391.71875
1771506922.3074708,Relaxed,261846.9375,260552.953125,325469.21875,296159.90625,275270.15625,260537.9375,237879.4375,273391.34375
1771506922.3074708,Relaxed,261850.25,260560.640625,325471.46875,296165.09375,275276.0625,260545.71875,237888.203125,273399.03125
1771506922.334972,Relaxed,261847.75,260557.609375,325461.0,296156.5,275273.28125,260546.15625,237883.453125,273401.0
1771506922.334972,Relaxed,261843.015625,260551.609375,325450.90625,296148.28125,275268.375,260542.671875,237876.84375,273399.65625
1771506922.334972,Relaxed,261853.921875,260562.703125,325459.21875,296155.09375,275277.3125,260551.078125,237887.578125,273408.25
1771506922.334972,Relaxed,261845.15625,260555.453125,325451.0625,296140.4375,275269.25,260543.03125,237879.875,273400.75
1771506922.334972,Relaxed,261842.03125,260552.234375,325447.6875,296134.875,275266.84375,260541.25,237878.09375,273396.34375
1771506922.334972,Relaxed,261834.875,260545.71875,325434.25,296128.4375,275261.125,260535.609375,237871.390625,273389.65625
1771506922.3586907,Relaxed,261836.390625,260548.125,325427.375,296130.0625,275262.46875,260537.40625,237872.546875,273390.09375
1771506922.3586907,Relaxed,261837.375,260550.0,325423.09375,296129.96875,275264.34375,260538.109375,237874.78125,273391.8125
1771506922.3586907,Relaxed,261841.125,260557.96875,325426.3125,296132.09375,275271.3125,260544.546875,237884.359375,273393.0625
1771506922.3586907,Relaxed,261833.625,260554.65625,325416.1875,296123.0,275266.125,260539.359375,237880.328125,273384.65625
1771506922.3586907,Relaxed,261834.609375,260555.109375,325410.75,296118.6875,275266.5,260540.890625,237873.359375,273389.03125
1771506922.3586907,Relaxed,261837.203125,260556.4375,325408.6875,296118.53125,275268.8125,260544.734375,237873.359375,273390.375
1771506922.3824608,Relaxed,261845.875,260563.421875,325410.5625,296123.625,275272.75,260547.953125,237877.828125,273389.125
1771506922.3824608,Relaxed,261855.078125,260572.0,325412.8125,296125.5,275274.625,260549.921875,237883.015625,273385.90625
1771506922.3824608,Relaxed,261858.296875,260574.0625,325413.34375,296121.5625,275272.46875,260548.125,237881.21875,273382.40625
1771506922.3824608,Relaxed,261859.546875,260571.375,325406.09375,296116.1875,275271.125,260545.890625,237878.359375,273380.96875
1771506922.3824608,Relaxed,261858.125,260567.34375,325400.09375,296111.0,275271.21875,260545.71875,237875.6875,273381.4375
1771506922.3824608,Relaxed,261855.53125,260563.59375,325395.71875,296101.34375,275267.1875,260541.421875,237871.5625,273379.5625
1771506922.4050136,Relaxed,261859.453125,260569.40625,325396.25,296103.21875,275270.5,260543.21875,237877.828125,273383.125
1771506922.4050136,Relaxed,261862.328125,260573.875,325391.25,296105.5625,275275.4375,260545.796875,237884.4375,273386.625
1771506922.4050136,Relaxed,261853.015625,260561.546875,325374.09375,296092.78125,275265.59375,260535.4375,237871.203125,273377.6875
1771506922.4050136,Relaxed,261853.296875,260559.21875,325366.40625,296088.03125,275264.34375,260534.09375,237865.125,273377.9375
1771506922.4050136,Relaxed,261855.53125,260563.15625,325363.28125,296090.0,275267.375,260535.796875,237869.78125,273382.9375
1771506922.4050136,Relaxed,261859.453125,260568.25,325366.125,296092.0625,275271.125,260539.28125,237877.828125,273387.59375
1771506922.4373991,Relaxed,261855.609375,260563.78125,325357.1875,296084.71875,275265.6875,260533.015625,237873.53125,273375.34375
1771506922.4373991,Relaxed,261853.65625,260558.59375,325348.78125,296082.65625,275264.0625,260527.921875,237871.828125,273373.65625
1771506922.4373991,Relaxed,261863.75,260563.59375,325351.90625,296089.5625,275275.0625,260538.203125,237881.578125,273387.875
1771506922.4373991,Relaxed,261850.875,260555.453125,325337.15625,296072.375,275267.65625,260529.796875,237873.4375,273378.375
1771506922.4373991,Relaxed,261854.625,260563.78125,325341.71875,296071.75,275272.125,260533.375,237877.5625,273376.34375
1771506922.4373991,Relaxed,261850.78125,260562.875,325336.53125,296067.46875,275270.25,260530.96875,237878.1875,273376.40625
1771506922.4373991,Relaxed,261850.078125,260560.640625,325328.03125,296062.46875,275268.71875,260530.515625,237875.234375,273377.40625
1771506922.4643188,Relaxed,261850.4375,260556.171875,325320.8125,296058.78125,275265.6875,260528.1875,237871.203125,273375.625
1771506922.4643188,Relaxed,261855.265625,260561.71875,325323.21875,296065.5,275270.5,260532.921875,237881.140625,273374.625
1771506922.4643188,Relaxed,261857.046875,260566.015625,325325.0,296065.0625,275271.59375,260534.984375,237883.1875,273379.625
1771506922.4643188,Relaxed,261849.625,260561.546875,325314.09375,296054.40625,275266.125,260528.1875,237877.46875,273373.46875
1771506922.4643188,Relaxed,261847.84375,260559.484375,325304.8125,296047.53125,275265.6875,260526.9375,237872.546875,273376.5
1771506922.4643188,Relaxed,261847.921875,260556.4375,325296.3125,296044.5625,275264.25,260524.25,237869.78125,273381.6875
1771506922.4880157,Relaxed,261847.484375,260554.65625,325289.59375,296038.21875,275259.25,260518.625,237864.5,273373.1875
1771506922.4880157,Relaxed,261852.75,260557.25,325291.125,296033.75,275255.84375,260517.28125,237862.71875,273369.96875
1771506922.4880157,Relaxed,261855.078125,260559.125,325290.40625,296031.25,275257.375,260517.46875,237866.921875,273369.90625
1771506922.4880157,Relaxed,261851.5,260555.28125,325283.875,296025.8125,275254.59375,260515.5,237862.984375,273365.6875
1771506922.4880157,Relaxed,261844.53125,260548.84375,325273.15625,296015.4375,275250.84375,260510.40625,237857.703125,273362.21875
1771506922.4880157,Relaxed,261849.0,260557.34375,325274.75,296015.875,275262.0,260518.890625,237867.984375,273371.40625
1771506922.5213122,Relaxed,261852.390625,260565.734375,325277.25,296019.90625,275273.375,260526.84375,237881.40625,273381.15625
1771506922.5213122,Relaxed,261842.734375,260557.15625,325264.9375,296012.5625,275263.09375,260515.140625,237873.265625,273366.40625
1771506922.5213122,Relaxed,261842.921875,260550.453125,325252.125,296005.875,275254.9375,260507.625,237865.046875,273358.375
1771506922.5213122,Relaxed,261850.078125,260558.234375,325252.125,296008.8125,275267.46875,260517.90625,237874.25,273371.9375
1771506922.5213122,Relaxed,261846.59375,260557.25,325246.875,296006.9375,275273.1875,260520.046875,237878.265625,273376.875
1771506922.5213122,Relaxed,261840.953125,260550.625,325238.5625,295995.5,275268.8125,260513.078125,237873.359375,273370.25
1771506922.5213122,Relaxed,261840.0625,260555.546875,325240.53125,295994.78125,275273.0,260518.625,237874.78125,273373.65625
1771506922.5213122,Relaxed,261841.40625,260558.40625,325239.96875,295995.40625,275276.125,260523.8125,237874.875,273373.375
1771506922.5213122,Relaxed,261842.46875,260555.8125,325235.6875,295988.4375,275273.46875,260522.375,237868.34375,273371.875
1771506922.5462797,Relaxed,261850.609375,260564.125,325244.1875,295998.1875,275280.4375,260533.109375,237876.03125,273382.84375
1771506922.5462797,Relaxed,261834.875,260550.8125,325227.65625,295993.34375,275258.4375,260519.25,237861.828125,273366.125
1771506922.5462797,Relaxed,261826.46875,260540.96875,325215.21875,295979.84375,275249.40625,260508.796875,237854.40625,273359.875
1771506922.5462797,Relaxed,261832.453125,260539.71875,325211.0,295970.09375,275245.84375,260507.984375,237853.15625,273360.59375
1771506922.5462797,Relaxed,261843.8125,260538.921875,325208.6875,295975.8125,275246.09375,260511.5625,237857.265625,273367.3125
1771506922.573162,Relaxed,261842.5625,260542.578125,325205.75,295974.3125,275261.3125,260513.078125,237860.65625,273369.28125
1771506922.573162,Relaxed,261830.671875,260539.1875,325196.625,295958.21875,275257.0,260504.5,237855.75,273360.40625
1771506922.573162,Relaxed,261832.90625,260543.65625,325195.1875,295953.28125,275253.34375,260503.875,237859.3125,273359.0
1771506922.573162,Relaxed,261836.9375,260541.25,325191.34375,295953.03125,275245.65625,260504.765625,237853.78125,273360.15625
1771506922.573162,Relaxed,261834.25,260543.03125,325190.71875,295956.25,275260.0625,260510.671875,237856.90625,273366.21875
1771506922.591869,Relaxed,261823.421875,260541.0625,325181.96875,295958.5625,275279.53125,260510.75,237860.21875,273364.625
1771506922.591869,Relaxed,261823.875,260549.46875,325182.75,295958.5625,275290.53125,260516.84375,237870.671875,273366.6875
1771506922.591869,Relaxed,261827.8125,260552.15625,325180.4375,295951.3125,275280.0625,260513.96875,237870.671875,273363.8125
1771506922.591869,Relaxed,261833.984375,260556.890625,325179.09375,295951.25,275279.09375,260518.71875,237871.828125,273369.28125
1771506922.591869,Relaxed,261836.578125,260558.59375,325176.6875,295948.65625,275279.0,260519.78125,237870.765625,273368.1875
1771506922.591869,Relaxed,261840.5,260558.59375,325177.5625,295948.03125,275280.6875,260521.578125,237872.640625,273372.21875
1771506922.609066,Relaxed,261838.546875,260556.0,325175.25,295942.28125,275279.09375,260519.96875,237871.921875,273371.78125
1771506922.609066,Relaxed,261838.09375,260553.046875,325170.78125,295939.0625,275275.25,260517.640625,237870.140625,273369.28125
1771506922.609066,Relaxed,261839.25,260551.796875,325160.5,295933.8125,275273.5625,260515.578125,237865.84375,273370.25
1771506922.609066,Relaxed,261844.703125,260555.015625,325157.0,295933.625,275275.875,260517.015625,237864.6875,273372.03125
1771506922.636199,Relaxed,261845.609375,260555.640625,325154.5,295933.96875,275276.5,260516.84375,237866.109375,273370.4375
1771506922.636199,Relaxed,261841.578125,260552.859375,325151.375,295929.59375,275271.65625,260513.4375,237865.390625,273364.8125
1771506922.636199,Relaxed,261834.25,260546.96875,325143.78125,295920.21875,275264.59375,260509.953125,237862.625,273361.03125
1771506922.636199,Relaxed,261830.21875,260538.921875,325130.8125,295907.875,275258.09375,260503.609375,237855.5625,273359.0625
1771506922.636199,Relaxed,261835.765625,260540.625,325128.59375,295907.25,275261.65625,260507.53125,237857.078125,273364.8125
1771506922.636199,Relaxed,261835.328125,260538.921875,325122.3125,295904.21875,275259.78125,260505.84375,237857.796875,273366.40625
1771506922.636199,Relaxed,261839.796875,260542.40625,325123.9375,295904.3125,275263.34375,260509.421875,237865.046875,273373.46875
1771506922.636199,Relaxed,261833.4375,260537.84375,325113.8125,295893.125,275258.25,260502.984375,237861.375,273368.8125
1771506922.6612544,Relaxed,261828.703125,260534.625,325101.125,295885.78125,275252.71875,260498.0625,237852.078125,273354.59375
1771506922.6612544,Relaxed,261834.421875,260540.890625,325101.65625,295887.125,275261.375,260505.84375,237854.84375,273365.0625
1771506922.6612544,Relaxed,261834.96875,260545.71875,325103.8125,295887.40625,275268.28125,260508.515625,237857.078125,273365.59375
1771506922.6612544,Relaxed,261824.59375,260543.390625,325098.4375,295889.375,275269.25,260505.03125,237856.1875,273363.53125
1771506922.6612544,Relaxed,261822.0,260545.890625,325099.25,295892.59375,275272.03125,260506.375,237857.796875,273360.6875
1771506922.6612544,Relaxed,261832.453125,260552.859375,325102.46875,295892.0625,275278.03125,260513.265625,237862.890625,273365.25
1771506922.6612544,Relaxed,261842.390625,260558.234375,325102.375,295894.5625,275284.0,260518.625,237869.78125,273370.15625
1771506922.6787796,Relaxed,261848.203125,260562.609375,325104.625,295894.46875,275284.0,260522.203125,237870.140625,273370.625
1771506922.6787796,Relaxed,261840.6875,260555.1875,325097.90625,295881.3125,275274.8125,260514.515625,237861.46875,273363.53125
1771506922.6787796,Relaxed,261842.03125,260553.765625,325099.15625,295874.78125,275273.1875,260512.984375,237861.828125,273360.875
1771506922.718845,Relaxed,261845.25,260557.421875,325097.1875,295879.4375,275276.59375,260513.890625,237865.046875,273363.71875
1771506922.718845,Relaxed,261842.65625,260556.4375,325087.4375,295877.5625,275280.15625,260512.8125,237864.0625,273363.28125
1771506922.718845,Relaxed,261842.46875,260562.171875,325087.4375,295882.84375,275287.125,260518.890625,237869.0625,273366.21875
1771506922.718845,Relaxed,261841.21875,260562.171875,325086.65625,295880.25,275285.15625,260518.4375,237870.671875,273363.8125
1771506922.718845,Relaxed,261841.578125,260559.65625,325081.71875,295869.96875,275281.40625,260515.3125,237870.40625,273361.40625
1771506922.718845,Relaxed,261845.875,260562.078125,325076.625,295865.125,275284.1875,260519.421875,237872.734375,273366.40625
1771506922.718845,Relaxed,261845.0625,260559.125,325071.4375,295856.71875,275283.90625,260520.234375,237868.703125,273367.21875
1771506922.718845,Relaxed,261842.921875,260559.03125,325067.96875,295855.75,275284.09375,260520.234375,237868.703125,273360.78125
1771506922.718845,Relaxed,261848.640625,260566.1875,325069.21875,295863.09375,275288.9375,260526.671875,237874.78125,273374.46875
1771506922.743763,Relaxed,261844.53125,260562.171875,325058.84375,295855.84375,275281.6875,260520.6875,237868.890625,273370.78125
1771506922.743763,Relaxed,261844.53125,260560.640625,325052.84375,295849.59375,275277.3125,260518.890625,237864.5,273361.40625
1771506922.743763,Relaxed,261850.078125,260567.34375,325055.34375,295849.40625,275284.0,260527.5625,237869.15625,273366.125
1771506922.743763,Relaxed,261842.296875,260560.46875,325045.25,295845.1875,275278.65625,260521.578125,237864.234375,273362.375
1771506922.743763,Relaxed,261840.0625,260555.453125,325039.96875,295840.0,275270.5,260514.328125,237859.40625,273354.59375
1771506922.743763,Relaxed,261840.0625,260554.828125,325032.5625,295839.21875,275270.25,260510.3125,237860.390625,273350.65625
1771506922.743763,Relaxed,261842.734375,260557.0625,325030.84375,295840.0,275275.96875,260512.640625,237864.6875,273355.9375
1771506922.743763,Relaxed,261845.421875,260558.40625,325030.6875,295835.375,275278.8125,260515.9375,237864.5,273360.875
1771506922.7764378,Relaxed,261840.953125,260555.109375,325020.65625,295826.78125,275276.59375,260513.53125,237861.203125,273359.53125
1771506922.7764378,Relaxed,261843.640625,260556.4375,325017.0,295824.28125,275274.0,260510.75,237863.078125,273353.4375
1771506922.7764378,Relaxed,261852.125,260563.234375,325024.59375,295828.84375,275282.21875,260519.34375,237870.3125,273360.15625
1771506922.7764378,Relaxed,261861.34375,260573.078125,325031.75,295837.34375,275291.53125,260528.1875,237878.1875,273365.15625
1771506922.7764378,Relaxed,261866.609375,260575.75,325034.4375,295832.78125,275295.09375,260532.921875,237877.46875,273368.09375
1771506922.7764378,Relaxed,261872.96875,260580.578125,325034.6875,295834.28125,275301.09375,260541.6875,237881.484375,273379.5625
1771506922.7764378,Relaxed,261871.984375,260580.046875,325028.71875,295833.03125,275300.71875,260542.3125,237884.171875,273382.59375
1771506922.7764378,Relaxed,261869.296875,260579.0625,325028.4375,295828.5625,275300.90625,260543.21875,237884.171875,273379.46875
1771506922.8152845,Relaxed,261862.953125,260575.3125,325020.125,295823.375,275296.15625,260537.671875,237878.546875,273376.5
1771506922.8152845,Relaxed,261859.90625,260571.640625,325008.0625,295819.625,275293.3125,260532.21875,237875.859375,273381.15625
1771506922.8152845,Relaxed,261849.453125,260559.84375,324990.90625,295805.6875,275280.4375,260517.46875,237864.5,273369.96875
1771506922.8152845,Relaxed,261845.875,260558.140625,324985.25,295801.40625,275275.34375,260510.75,237867.546875,273356.03125
1771506922.8152845,Relaxed,261842.46875,260555.109375,324979.53125,295795.125,275267.8125,260503.0625,237863.25,273340.03125
1771506922.8374171,Relaxed,261845.328125,260556.796875,324974.0,295793.4375,275269.15625,260502.796875,237861.546875,273350.75
1771506922.8374171,Relaxed,261842.390625,260553.5,324964.34375,295783.78125,275265.6875,260499.671875,237851.265625,273347.0
1771506922.8374171,Relaxed,261844.265625,260557.78125,324962.71875,295782.25,275269.53125,260503.609375,237853.234375,273351.84375
1771506922.8374171,Relaxed,261842.921875,260556.984375,324959.5,295776.96875,275268.71875,260503.875,237852.875,273352.8125
1771506922.8374171,Relaxed,261840.78125,260554.203125,324959.15625,295770.625,275264.96875,260501.453125,237851.546875,273343.78125
1771506922.8374171,Relaxed,261841.578125,260553.5,324958.25,295772.875,275264.78125,260502.796875,237850.109375,273346.90625
1771506922.8374171,Relaxed,261849.265625,260559.21875,324958.34375,295778.59375,275269.875,260507.71875,237853.5,273353.25
1771506922.8374171,Relaxed,261850.4375,260559.75,324949.6875,295775.5625,275270.78125,260507.71875,237854.40625,273356.5625
1771506922.8374171,Relaxed,261844.984375,260555.734375,324944.75,295768.03125,275266.9375,260503.78125,237854.046875,273353.875
1771506922.8594491,Relaxed,261845.515625,260557.34375,324948.875,295767.9375,275269.0,260505.921875,237860.296875,273353.71875
1771506922.8594491,Relaxed,261843.640625,260553.9375,324935.90625,295766.34375,275266.125,260501.375,237856.8125,273345.5
1771506922.8594491,Relaxed,261835.859375,260546.515625,324924.28125,295758.9375,275264.53125,260499.578125,237851.8125,273345.65625
1771506922.8594491,Relaxed,261840.5,260552.234375,324927.875,295759.90625,275273.90625,260509.6875,237859.3125,273356.3125
1771506922.8594491,Relaxed,261835.328125,260550.1875,324924.71875,295753.28125,275273.71875,260510.21875,237863.875,273358.375
1771506922.8594491,Relaxed,261832.109375,260552.953125,324925.71875,295748.71875,275277.46875,260513.703125,237869.6875,273363.0
1771506922.8994105,Relaxed,261832.640625,260558.765625,324925.4375,295750.15625,275284.375,260520.40625,237874.609375,273367.46875
1771506922.8994105,Relaxed,261829.234375,260550.0,324911.3125,295746.9375,275276.40625,260510.84375,237866.734375,273365.25
1771506922.8994105,Relaxed,261825.03125,260536.328125,324894.4375,295735.59375,275262.1875,260494.84375,237851.890625,273353.25
1771506922.8994105,Relaxed,261836.484375,260551.078125,324904.34375,295743.8125,275273.90625,260506.203125,237864.6875,273360.59375
1771506922.8994105,Relaxed,261837.015625,260558.140625,324898.90625,295745.96875,275277.65625,260508.96875,237871.03125,273360.15625
1771506922.8994105,Relaxed,261836.03125,260551.96875,324888.0625,295741.65625,275272.21875,260503.328125,237865.75,273356.46875
1771506922.8994105,Relaxed,261835.140625,260552.234375,324883.15625,295738.53125,275275.34375,260505.921875,237865.046875,273358.8125
1771506922.8994105,Relaxed,261832.90625,260549.46875,324874.5,295733.53125,275275.0625,260505.21875,237863.78125,273356.65625
1771506922.8994105,Relaxed,261838.890625,260553.5,324877.96875,295735.40625,275278.09375,260509.0625,237868.796875,273355.84375
1771506922.9230044,Relaxed,261840.234375,260555.546875,324880.03125,295734.59375,275277.84375,260508.25,237872.28125,273354.59375
1771506922.9230044,Relaxed,261841.3125,260554.75,324879.75,295730.84375,275275.6875,260507.453125,237870.21875,273352.375
1771506922.9230044,Relaxed,261841.671875,260554.203125,324874.3125,295727.28125,275273.8125,260508.34375,237865.21875,273353.71875
1771506922.9230044,Relaxed,261839.609375,260550.625,324865.8125,295719.5,275268.375,260503.78125,237858.25,273353.0
1771506922.9230044,Relaxed,261836.9375,260549.46875,324864.375,295713.15625,275263.0,260500.828125,237854.578125,273348.25
1771506922.9230044,Relaxed,261841.671875,260556.171875,324866.34375,295716.1875,275265.9375,260503.609375,237858.6875,273349.0625
1771506922.9230044,Relaxed,261845.875,260558.59375,324862.15625,295718.875,275267.65625,260503.875,237861.640625,273347.0
1771506922.9230044,Relaxed,261849.171875,260559.578125,324858.75,295716.1875,275268.1875,260505.484375,237863.78125,273343.6875
1771506922.946769,Relaxed,261846.859375,260556.890625,324855.625,295706.25,275264.875,260503.15625,237855.75,273345.5625
1771506922.946769,Relaxed,261842.921875,260556.359375,324853.90625,295701.4375,275265.78125,260503.15625,237854.9375,273347.53125
1771506922.946769,Relaxed,261846.3125,260563.953125,324853.375,295707.34375,275275.0625,260512.546875,237865.3125,273349.6875
1771506922.946769,Relaxed,261844.703125,260563.953125,324849.1875,295706.71875,275277.65625,260512.71875,237866.828125,273349.40625
1771506922.946769,Relaxed,261848.203125,260566.28125,324848.125,295708.0625,275281.5,260515.859375,237867.1875,273353.09375
1771506922.946769,Relaxed,261852.046875,260570.5625,324851.25,295709.40625,275288.03125,260521.484375,237872.734375,273358.28125
1771506922.9754803,Relaxed,261852.125,260572.8125,324857.125,295708.84375,275294.65625,260527.75,237879.703125,273361.21875
1771506922.9754803,Relaxed,261843.453125,260564.40625,324848.375,295697.5,275291.96875,260524.25,237877.46875,273358.0
1771506922.9754803,Relaxed,261839.875,260559.296875,324839.53125,295687.5625,275290.4375,260521.9375,237872.734375,273358.8125
1771506922.9754803,Relaxed,261840.421875,260559.484375,324836.3125,295687.3125,275293.5625,260524.4375,237872.640625,273361.9375
1771506922.9754803,Relaxed,261839.171875,260559.9375,324832.03125,295687.3125,275293.3125,260525.328125,237873.359375,273362.65625
1771506922.9754803,Relaxed,261834.515625,260557.34375,324819.0625,295681.75,275289.5625,260517.546875,237874.96875,273361.40625
1771506922.9754803,Relaxed,261838.359375,260560.5625,324815.65625,295682.03125,275291.34375,260517.015625,237880.328125,273360.875
1771506923.0005221,Relaxed,261841.125,260561.359375,324814.75,295679.71875,275290.4375,260518.890625,237874.25,273365.25
1771506923.0005221,Relaxed,261839.96875,260557.421875,324806.09375,295674.78125,275284.90625,260513.703125,237868.078125,273360.5
1771506923.0005221,Relaxed,261842.921875,260555.90625,324800.8125,295672.375,275280.0,260509.5,237863.25,273355.0625
1771506923.0005221,Relaxed,261850.703125,260563.328125,324807.25,295673.1875,275282.75,260513.078125,237869.15625,273357.8125
1771506923.0005221,Relaxed,261848.28125,260564.671875,324800.625,295668.4375,275279.4375,260510.21875,237867.640625,273355.78125
1771506923.0236368,Relaxed,261842.109375,260555.90625,324786.59375,295656.0,275268.375,260500.921875,237856.015625,273343.4375
1771506923.0236368,Relaxed,261846.3125,260554.65625,324784.28125,295657.09375,275266.75,260500.296875,237854.21875,273340.9375
1771506923.0236368,Relaxed,261845.15625,260553.140625,324780.4375,295655.375,275266.5625,260500.46875,237855.109375,273343.78125
1771506923.0236368,Relaxed,261843.375,260552.6875,324775.96875,295651.09375,275266.75,260500.296875,237857.53125,273343.0625
1771506923.0236368,Relaxed,261840.5,260550.359375,324770.9375,295642.96875,275263.34375,260497.875,237853.0625,273336.71875
1771506923.0236368,Relaxed,261838.453125,260546.34375,324766.03125,295637.875,275259.34375,260495.109375,237848.859375,273331.53125
1771506923.0236368,Relaxed,261846.140625,260553.3125,324768.625,295644.46875,275268.09375,260506.015625,237852.796875,273348.34375
1771506923.0236368,Relaxed,261847.84375,260558.328125,324767.65625,295643.3125,275274.0,260509.0625,237859.59375,273350.59375
1771506923.050614,Relaxed,261843.8125,260558.5,324762.90625,295637.40625,275273.09375,260506.375,237861.015625,273345.9375
1771506923.050614,Relaxed,261834.25,260552.78125,324754.21875,295628.5625,275267.1875,260499.21875,237857.4375,273339.59375
1771506923.050614,Relaxed,261837.734375,260558.140625,324760.84375,295632.0625,275275.15625,260507.8125,237864.140625,273346.8125
1771506923.050614,Relaxed,261837.734375,260559.484375,324752.8125,295630.71875,275275.875,260507.890625,237862.171875,273343.78125
1771506923.050614,Relaxed,261840.0625,260563.5,324751.90625,295632.9375,275279.8125,260508.96875,237867.90625,273348.0
1771506923.050614,Relaxed,261839.34375,260562.25,324747.25,295630.0,275277.46875,260502.625,237869.25,273344.0625
1771506923.0686789,Relaxed,261833.984375,260559.484375,324743.78125,295624.0,275275.4375,260500.828125,237867.71875,273343.15625
1771506923.0686789,Relaxed,261834.34375,260557.515625,324737.6875,295621.0625,275274.1875,260500.75,237863.96875,273344.0625
1771506923.0686789,Relaxed,261839.25,260558.140625,324732.78125,295623.5625,275275.15625,260502.796875,237864.859375,273347.28125
1771506923.0686789,Relaxed,261841.125,260559.296875,324733.40625,295622.03125,275276.9375,260503.6875,237866.828125,273346.375
1771506923.098698,Relaxed,261839.703125,260558.40625,324733.75,295613.46875,275274.71875,260503.609375,237865.125,273341.28125
1771506923.098698,Relaxed,261842.5625,260562.078125,324735.625,295611.9375,275277.21875,260507.8125,237869.59375,273341.65625
1771506923.098698,Relaxed,261848.109375,260563.6875,324736.8125,295613.71875,275279.71875,260511.03125,237869.328125,273345.5
1771506923.098698,Relaxed,261846.40625,260557.34375,324727.9375,295609.25,275276.3125,260507.1875,237862.265625,273346.5625
1771506923.098698,Relaxed,261844.265625,260553.21875,324723.5625,295602.8125,275274.875,260506.90625,237860.125,273348.53125
1771506923.098698,Relaxed,261842.296875,260551.796875,324720.4375,295595.9375,275274.34375,260508.078125,237862.8125,273348.4375
1771506923.098698,Relaxed,261833.359375,260544.375,324711.0625,295585.21875,275264.96875,260500.109375,237857.265625,273339.84375
1771506923.098698,Relaxed,261834.875,260547.765625,324711.6875,295587.8125,275269.15625,260503.78125,237861.375,273343.59375
1771506923.1230185,Relaxed,261834.875,260544.28125,324705.875,295585.125,275268.90625,260503.875,237860.921875,273342.96875
1771506923.1230185,Relaxed,261835.671875,260538.5625,324695.84375,295579.125,275262.0,260497.609375,237852.34375,273338.6875
1771506923.1230185,Relaxed,261839.515625,260540.53125,324696.75,295575.375,275261.125,260496.1875,237853.421875,273335.21875
1771506923.1230185,Relaxed,261834.96875,260539.546875,324693.625,295569.125,275259.59375,260494.9375,237855.296875,273337.4375
1771506923.1230185,Relaxed,261830.671875,260539.015625,324686.1875,295567.5,275260.5,260493.40625,237855.921875,273339.3125
1771506923.1230185,Relaxed,261835.328125,260543.84375,324682.34375,295573.21875,275267.03125,260497.96875,237862.53125,273341.375
1771506923.1230185,Relaxed,261838.0,260544.546875,324679.75,295571.53125,275267.65625,260498.6875,237864.5,273339.21875
1771506923.1499536,Relaxed,261838.546875,260546.34375,324679.9375,295569.125,275264.0625,260498.78125,237859.40625,273336.625
1771506923.1499536,Relaxed,261836.484375,260548.03125,324678.875,295562.84375,275263.90625,260498.953125,237858.875,273336.09375
1771506923.1499536,Relaxed,261838.265625,260549.015625,324676.90625,295559.625,275264.6875,260499.140625,237857.796875,273336.1875
1771506923.1499536,Relaxed,261838.890625,260548.75,324672.6875,295557.84375,275266.21875,260501.09375,237857.171875,273340.65625
1771506923.1499536,Relaxed,261843.1875,260554.390625,324672.59375,295560.4375,275271.03125,260506.46875,237862.71875,273346.90625
1771506923.1499536,Relaxed,261846.3125,260561.359375,324674.3125,295562.84375,275274.875,260509.953125,237869.515625,273346.46875
1771506923.1793926,Relaxed,261846.765625,260565.296875,324678.25,295560.09375,275276.3125,260511.203125,237873.171875,273347.09375
1771506923.1793926,Relaxed,261845.6875,260565.390625,324676.90625,295557.75,275276.84375,260513.890625,237872.546875,273340.5625
1771506923.1793926,Relaxed,261842.5625,260561.8125,324669.75,295552.46875,275276.5,260514.515625,237866.65625,273340.65625
1771506923.1793926,Relaxed,261838.890625,260558.234375,324662.78125,295543.09375,275275.875,260513.703125,237861.828125,273343.53125
1771506923.1793926,Relaxed,261841.84375,260563.328125,324665.09375,295544.34375,275280.53125,260516.203125,237869.15625,273348.53125
1771506923.1793926,Relaxed,261845.609375,260566.1875,324663.40625,295545.6875,275280.4375,260514.875,237872.546875,273350.125
1771506923.1793926,Relaxed,261845.515625,260564.046875,324654.90625,295544.15625,275278.09375,260512.640625,237871.828125,273346.75
1771506923.2037523,Relaxed,261845.875,260561.71875,324649.90625,295538.53125,275274.34375,260511.5625,237866.203125,273346.125
1771506923.2037523,Relaxed,261851.765625,260561.546875,324650.875,295534.40625,275273.0,260511.203125,237864.0625,273347.46875
1771506923.2037523,Relaxed,261848.828125,260556.984375,324642.46875,295528.4375,275267.1875,260505.21875,237861.28125,273343.15625
1771506923.2037523,Relaxed,261842.734375,260551.609375,324633.25,295519.3125,275261.125,260499.578125,237857.078125,273335.75
1771506923.2037523,Relaxed,261844.34375,260553.046875,324634.4375,295519.125,275266.75,260505.484375,237862.453125,273343.34375
1771506923.2037523,Relaxed,261842.65625,260548.21875,324629.0625,295513.59375,275266.5,260505.921875,237858.609375,273346.03125
1771506923.2037523,Relaxed,261836.578125,260540.53125,324617.15625,295501.53125,275259.875,260497.4375,237851.0,273342.4375
1771506923.2424374,Relaxed,261838.890625,260544.546875,324619.59375,295499.46875,275260.9375,260499.671875,237854.21875,273336.8125
1771506923.2424374,Relaxed,261840.59375,260546.609375,324618.96875,295501.59375,275262.28125,260503.25,237860.484375,273333.6875
1771506923.2424374,Relaxed,261837.109375,260543.921875,324611.71875,295499.5625,275260.59375,260503.421875,237859.3125,273332.0625
1771506923.2424374,Relaxed,261840.0625,260546.515625,324609.84375,295501.875,275264.96875,260508.078125,237861.546875,273341.375
1771506923.2424374,Relaxed,261832.734375,260540.96875,324603.03125,295494.625,275261.3125,260502.984375,237856.375,273338.25
1771506923.2424374,Relaxed,261829.15625,260537.21875,324598.9375,295490.4375,275259.34375,260500.109375,237857.984375,273337.53125
1771506923.2424374,Relaxed,261828.53125,260538.203125,324598.03125,295486.40625,275259.40625,260501.453125,237860.390625,273338.875
1771506923.2424374,Relaxed,261833.171875,260543.75,324595.96875,295488.375,275263.1875,260505.75,237863.515625,273342.4375
1771506923.2693453,Relaxed,261835.859375,260545.265625,324593.3125,295486.3125,275262.46875,260505.921875,237861.203125,273341.8125
1771506923.2693453,Relaxed,261834.0625,260542.5,324585.6875,295479.78125,275258.15625,260501.640625,237857.171875,273337.625
1771506923.2693453,Relaxed,261839.171875,260549.296875,324589.53125,295481.84375,275262.71875,260504.859375,237864.59375,273342.09375
1771506923.2693453,Relaxed,261840.421875,260554.828125,324593.65625,295482.3125,275265.40625,260507.359375,237867.640625,273343.59375
1771506923.2693453,Relaxed,261839.34375,260556.0,324589.28125,295477.03125,275264.4375,260505.484375,237864.234375,273341.375
1771506923.2693453,Relaxed,261847.390625,260561.984375,324591.5,295480.0625,275269.78125,260511.03125,237868.890625,273340.03125
1771506923.2693453,Relaxed,261849.890625,260561.71875,324588.46875,295479.71875,275269.25,260509.140625,237866.828125,273338.6875
1771506923.2949035,Relaxed,261849.453125,260560.46875,324584.71875,295477.90625,275268.28125,260506.375,237868.4375,273339.84375
1771506923.2949035,Relaxed,261845.6875,260557.78125,324581.40625,295470.6875,275264.53125,260503.15625,237865.75,273335.28125
1771506923.2949035,Relaxed,261847.390625,260559.21875,324578.71875,295470.0625,275266.65625,260505.390625,237866.46875,273339.75
1771506923.2949035,Relaxed,261843.1875,260555.015625,324567.71875,295460.75,275263.4375,260502.265625,237860.484375,273339.3125
1771506923.2949035,Relaxed,261842.5625,260555.109375,324564.25,295456.5625,275264.0625,260504.234375,237860.921875,273341.8125
1771506923.2949035,Relaxed,261844.265625,260556.171875,324564.96875,295455.125,275263.34375,260505.921875,237862.171875,273341.09375
1771506923.2949035,Relaxed,261841.21875,260554.921875,324560.125,295451.28125,275260.6875,260501.015625,237863.4375,273338.59375
1771506923.2949035,Relaxed,261837.28125,260548.84375,324552.625,295445.0,275256.1875,260495.5625,237858.875,273338.96875
1771506923.3224978,Relaxed,261839.96875,260548.03125,324547.25,295446.71875,275258.96875,260497.34375,237859.765625,273343.59375
1771506923.3224978,Relaxed,261845.609375,260549.296875,324548.78125,295446.4375,275259.875,260498.953125,237858.515625,273340.125
1771506923.3224978,Relaxed,261842.828125,260545.09375,324545.375,295437.78125,275256.375,260495.015625,237856.90625,273336.71875
1771506923.3224978,Relaxed,261842.296875,260545.625,324539.65625,295437.15625,275256.84375,260495.640625,237860.921875,273337.09375
1771506923.3224978,Relaxed,261840.5,260544.640625,324533.21875,295436.625,275256.84375,260496.546875,237861.734375,273337.96875
1771506923.3224978,Relaxed,261839.875,260543.390625,324530.625,295431.15625,275257.46875,260496.71875,237859.9375,273338.34375
1771506923.3518398,Relaxed,261840.0625,260543.03125,324530.4375,295430.0,275258.71875,260498.234375,237860.21875,273340.75
1771506923.3518398,Relaxed,261838.1875,260542.3125,324528.21875,295426.875,275258.71875,260497.875,237861.46875,273340.84375
1771506923.3518398,Relaxed,261825.03125,260531.3125,324516.40625,295407.1875,275250.21875,260490.015625,237851.09375,273334.21875
1771506923.3518398,Relaxed,261824.328125,260533.203125,324517.3125,295404.875,275255.3125,260496.0,237854.578125,273335.84375
1771506923.3518398,Relaxed,261829.15625,260536.0625,324517.3125,295408.34375,275260.0625,260499.9375,237856.375,273338.4375
1771506923.3518398,Relaxed,261823.15625,260529.53125,324506.75,295403.96875,275255.21875,260491.890625,237852.796875,273337.96875
1771506923.3518398,Relaxed,261823.703125,260532.84375,324507.5625,295404.5,275259.6875,260496.0,237859.3125,273341.46875
1771506923.3761542,Relaxed,261825.484375,260535.703125,324507.375,295407.5625,275262.625,260498.0625,237865.390625,273337.71875
1771506923.3761542,Relaxed,261817.890625,260528.015625,324492.0,295400.59375,275255.40625,260490.1875,237858.25,273329.75
1771506923.3761542,Relaxed,261817.53125,260523.8125,324482.875,295394.78125,275253.15625,260488.5,237851.71875,273335.28125
1771506923.3761542,Relaxed,261818.609375,260525.421875,324483.34375,295393.34375,275256.03125,260491.796875,237854.40625,273340.03125
1771506923.3761542,Relaxed,261821.1875,260527.921875,324484.5,295393.0625,275257.53125,260492.875,237858.515625,273337.0
1771506923.3761542,Relaxed,261821.28125,260526.671875,324484.84375,295387.96875,275253.4375,260488.3125,237858.0625,273333.78125
1771506923.4011369,Relaxed,261820.5625,260527.203125,324480.375,295384.65625,275253.4375,260488.046875,237859.5,273332.34375
1771506923.4011369,Relaxed,261820.75,260525.6875,324474.3125,295379.9375,275251.5625,260487.0625,237853.859375,273334.21875
1771506923.4011369,Relaxed,261821.015625,260523.8125,324469.90625,295377.59375,275249.125,260485.546875,237852.078125,273333.25
1771506923.4011369,Relaxed,261825.484375,260530.6875,324469.46875,295384.03125,275255.84375,260490.453125,237862.71875,273338.4375
1771506923.4011369,Relaxed,261827.8125,260532.84375,324466.96875,295384.21875,275256.75,260490.28125,237866.296875,273337.96875
1771506923.4249616,Relaxed,261825.75,260532.921875,324463.84375,295377.96875,275258.15625,260491.359375,237865.84375,273339.0625
1771506923.4249616,Relaxed,261817.53125,260526.9375,324454.71875,295369.46875,275253.53125,260486.4375,237857.984375,273330.8125
1771506923.4249616,Relaxed,261812.703125,260522.203125,324440.40625,295366.4375,275249.40625,260480.453125,237853.953125,273328.0625
1771506923.4249616,Relaxed,261807.6875,260515.859375,324430.125,295356.78125,275240.5625,260472.21875,237846.171875,273321.625
1771506923.4249616,Relaxed,261812.34375,260517.46875,324434.875,295354.96875,275240.375,260473.03125,237851.453125,273315.71875
1771506923.4249616,Relaxed,261817.796875,260522.375,324440.3125,295357.40625,275245.28125,260479.546875,237853.59375,273320.28125
1771506923.4249616,Relaxed,261825.75,260530.515625,324446.3125,295364.09375,275255.5625,260490.546875,237859.5,273335.125
1771506923.4249616,Relaxed,261821.1875,260526.21875,324440.25,295358.75,275253.0625,260489.65625,237857.625,273337.34375
1771506923.4554944,Relaxed,261817.96875,260525.0625,324433.4375,295352.75,275253.15625,260488.9375,237860.484375,273342.4375
1771506923.4554944,Relaxed,261820.65625,260528.546875,324437.1875,295351.3125,275256.28125,260494.03125,237865.9375,273343.6875
1771506923.4779828,Relaxed,261824.140625,260529.53125,324432.0,295355.25,275260.0625,260498.234375,237870.765625,273350.03125
1771506923.4779828,Relaxed,261819.578125,260523.71875,324423.4375,295348.625,275256.84375,260496.8125,237863.78125,273349.25
1771506923.4779828,Relaxed,261816.28125,260521.3125,324418.96875,295342.5625,275255.125,260495.203125,237861.28125,273348.25
1771506923.4779828,Relaxed,261814.3125,260521.578125,324416.28125,295340.5,275255.75,260493.234375,237865.3125,273346.125
1771506923.4779828,Relaxed,261805.1875,260515.5,324407.15625,295331.28125,275248.875,260484.828125,237860.484375,273336.625
1771506923.4779828,Relaxed,261801.609375,260509.234375,324396.0625,295324.40625,275242.15625,260478.390625,237852.875,273330.90625
1771506923.4779828,Relaxed,261808.140625,260511.46875,324395.0,295326.5625,275245.125,260481.078125,237853.78125,273330.65625
1771506923.4779828,Relaxed,261809.21875,260510.75,324388.75,295325.84375,275245.125,260478.84375,237855.296875,273325.46875
1771506923.4779828,Relaxed,261804.296875,260507.0,324383.8125,295318.0625,275240.8125,260475.53125,237850.203125,273323.59375
1771506923.4779828,Relaxed,261802.78125,260506.109375,324384.8125,295312.78125,275237.34375,260473.109375,237846.359375,273325.0
1771506923.4779828,Relaxed,261797.59375,260502.53125,324377.5625,295307.6875,275236.625,260472.21875,237844.296875,273325.28125
1771506923.4779828,Relaxed,261802.515625,260507.453125,324380.59375,295308.84375,275243.6875,260480.8125,237847.34375,273331.0
1771506923.4951692,Relaxed,261812.078125,260516.75,324383.71875,295314.40625,275253.78125,260490.734375,237857.984375,273334.21875
1771506923.4951692,Relaxed,261814.046875,260519.703125,324382.5625,295312.4375,275252.90625,260487.0625,237858.875,273333.25
1771506923.4951692,Relaxed,261818.15625,260523.265625,324384.90625,295312.4375,275253.0625,260487.6875,237859.140625,273335.03125
1771506923.5174527,Relaxed,261814.3125,260519.421875,324372.65625,295307.78125,275251.71875,260485.359375,237858.78125,273333.78125
1771506923.5174527,Relaxed,261811.890625,260513.96875,324363.0,295297.03125,275248.0625,260481.609375,237851.09375,273333.9375
1771506923.5174527,Relaxed,261814.046875,260513.265625,324359.59375,295292.21875,275246.90625,260480.359375,237848.40625,273335.84375
1771506923.5174527,Relaxed,261817.0,260514.15625,324359.40625,295291.6875,275244.5,260479.546875,237848.59375,273334.03125
1771506923.5174527,Relaxed,261818.421875,260514.953125,324361.1875,295291.3125,275242.0,260479.828125,237849.21875,273330.09375
1771506923.5174527,Relaxed,261812.796875,260511.203125,324353.5,295284.34375,275239.3125,260478.84375,237846.09375,273327.25
1771506923.5174527,Relaxed,261813.234375,260512.359375,324350.90625,295283.46875,275242.4375,260485.359375,237843.5,273327.78125
1771506923.5174527,Relaxed,261813.5,260516.125,324350.28125,295283.09375,275249.125,260492.421875,237848.140625,273334.40625
1771506923.5399323,Relaxed,261813.5,260517.46875,324352.25,295281.40625,275248.78125,260491.265625,237846.984375,273333.875
1771506923.5399323,Relaxed,261820.390625,260525.15625,324357.4375,295287.46875,275253.15625,260494.21875,237854.671875,273334.125
1771506923.5399323,Relaxed,261824.765625,260528.546875,324358.78125,295285.15625,275256.03125,260498.6875,237855.46875,273331.53125
1771506923.5399323,Relaxed,261820.21875,260521.9375,324345.8125,295280.25,275251.09375,260493.140625,237850.015625,273329.5625
1771506923.5399323,Relaxed,261826.015625,260525.78125,324343.59375,295282.90625,275255.3125,260494.65625,237856.28125,273337.0
1771506923.5636513,Relaxed,261829.15625,260528.734375,324345.375,295283.46875,275257.0,260494.65625,237863.609375,273338.6875
1771506923.5636513,Relaxed,261820.75,260523.09375,324338.40625,295277.1875,275249.75,260489.65625,237857.890625,273324.46875
1771506923.5636513,Relaxed,261816.8125,260517.546875,324328.65625,295265.5625,275243.5,260485.546875,237846.625,273320.1875
1771506923.5636513,Relaxed,261809.84375,260509.234375,324315.6875,295252.25,275238.15625,260478.484375,237837.6875,273326.1875
1771506923.5636513,Relaxed,261815.734375,260515.234375,324319.28125,295257.4375,275243.25,260484.65625,237841.890625,273332.15625
1771506923.5636513,Relaxed,261828.171875,260528.015625,324328.65625,295267.375,275253.34375,260492.96875,237856.015625,273340.03125
1771506923.5898988,Relaxed,261818.78125,260521.3125,324314.8125,295256.28125,275245.28125,260483.046875,237851.0,273329.03125
1771506923.5898988,Relaxed,261817.53125,260520.59375,324307.375,295255.28125,275242.96875,260478.390625,237848.328125,273321.0
1771506923.5898988,Relaxed,261832.1875,260533.828125,324316.75,295272.375,275257.09375,260490.546875,237862.171875,273331.28125
1771506923.5898988,Relaxed,261835.234375,260536.59375,324317.21875,295273.625,275259.96875,260493.328125,237863.34375,273334.21875
1771506923.5898988,Relaxed,261836.21875,260537.484375,324317.65625,295264.875,275261.375,260496.453125,237864.5,273339.40625
1771506923.5898988,Relaxed,261829.78125,260532.03125,324309.4375,295254.84375,275255.84375,260491.359375,237862.265625,273332.875
1771506923.6124902,Relaxed,261827.359375,260529.53125,324305.5,295248.40625,275252.4375,260489.828125,237855.65625,273329.40625
1771506923.6124902,Relaxed,261832.90625,260533.28125,324305.6875,295248.59375,275258.4375,260496.546875,237858.875,273337.34375
1771506923.6124902,Relaxed,261830.40625,260531.140625,324301.75,295245.0,275257.53125,260496.09375,237859.234375,273335.5625
1771506923.6124902,Relaxed,261831.125,260531.3125,324301.5625,295241.625,275255.65625,260493.40625,237860.03125,273334.21875
1771506923.6124902,Relaxed,261834.875,260536.59375,324306.5625,295244.375,275258.4375,260497.609375,237864.953125,273335.28125
1771506923.6393306,Relaxed,261833.984375,260534.984375,324301.21875,295240.90625,275254.6875,260495.109375,237859.671875,273332.25
1771506923.6393306,Relaxed,261835.40625,260532.921875,324294.5,295238.125,275255.125,260494.484375,237856.015625,273336.0
1771506923.6393306,Relaxed,261834.0625,260532.84375,324291.28125,295236.59375,275260.5,260497.4375,237859.671875,273339.21875
1771506923.6393306,Relaxed,261830.765625,260531.765625,324285.28125,295235.34375,275259.59375,260494.9375,237857.984375,273337.34375
1771506923.6393306,Relaxed,261831.5625,260531.3125,324279.5625,295243.21875,275254.6875,260491.09375,237858.6875,273332.4375
1771506923.6393306,Relaxed,261840.234375,260536.234375,324283.40625,295249.65625,275259.78125,260497.796875,237864.953125,273335.5625
1771506923.6393306,Relaxed,261838.8125,260529.625,324280.1875,295237.5,275258.875,260497.609375,237860.03125,273336.71875
1771506923.658684,Relaxed,261842.203125,260529.890625,324276.34375,295238.5,275260.40625,260501.453125,237861.109375,273334.75
1771506923.658684,Relaxed,261850.078125,260535.796875,324275.0,295243.59375,275266.9375,260502.53125,237873.71875,273342.90625
1771506923.658684,Relaxed,261843.015625,260530.25,324270.90625,295231.6875,275262.0,260497.609375,237868.96875,273332.78125
1771506923.658684,Relaxed,261851.5,260539.453125,324276.875,295239.5625,275269.25,260505.390625,237874.25,273333.0625
1771506923.683668,Relaxed,261861.15625,260546.34375,324278.3125,295241.25,275274.8125,260511.296875,237875.953125,273337.15625
1771506923.683668,Relaxed,261879.21875,260558.046875,324286.375,295241.96875,275284.46875,260522.640625,237882.65625,273348.09375
1771506923.683668,Relaxed,261897.28125,260573.96875,324297.0,295253.0625,275293.40625,260530.96875,237893.5625,273353.09375
1771506923.683668,Relaxed,261904.171875,260577.359375,324299.34375,295253.5,275289.90625,260527.5625,237890.4375,273343.15625
1771506923.683668,Relaxed,261914.53125,260581.390625,324301.84375,295257.09375,275290.71875,260529.265625,237889.8125,273336.28125
1771506923.683668,Relaxed,261919.09375,260580.5,324293.0625,295255.65625,275290.625,260528.640625,237888.640625,273339.6875
1771506923.683668,Relaxed,261932.15625,260587.28125,324296.1875,295260.3125,275298.125,260533.828125,237897.140625,273354.25
1771506923.683668,Relaxed,261936.796875,260587.015625,324296.8125,295262.1875,275294.46875,260528.09375,237900.0,273341.375
1771506923.7099974,Relaxed,261939.296875,260586.390625,324299.40625,295259.6875,275290.0,260528.28125,237891.328125,273339.84375
1771506923.7099974,Relaxed,261932.421875,260573.4375,324286.09375,295242.34375,275279.4375,260520.140625,237879.609375,273332.53125
1771506923.7099974,Relaxed,261929.46875,260565.390625,324267.15625,295236.875,275274.71875,260510.84375,237873.796875,273334.65625
1771506923.7099974,Relaxed,261927.234375,260563.0625,324257.75,295232.75,275277.21875,260510.046875,237877.828125,273342.0
1771506923.7099974,Relaxed,261923.75,260561.1875,324256.9375,295222.84375,275275.78125,260508.15625,237879.25,273342.625
1771506923.7099974,Relaxed,261926.421875,260562.171875,324260.25,295216.84375,275271.5,260506.734375,237876.9375,273341.09375
1771506923.7099974,Relaxed,261925.71875,260561.625,324255.625,295209.96875,275268.375,260504.9375,237872.640625,273342.34375
1771506923.738655,Relaxed,261929.375,260563.5,324252.21875,295206.125,275268.1875,260504.9375,237868.609375,273341.71875
1771506923.738655,Relaxed,261928.75,260558.140625,324243.90625,295194.84375,275260.75,260497.4375,237859.3125,273337.09375
1771506923.738655,Relaxed,261931.25,260562.078125,324242.8125,295194.3125,275259.875,260497.875,237858.15625,273335.375
1771506923.738655,Relaxed,261923.203125,260558.765625,324232.90625,295191.8125,275256.65625,260490.90625,237859.5,273331.625
1771506923.738655,Relaxed,261917.578125,260560.46875,324237.0,295190.21875,275262.46875,260499.484375,237860.125,273335.375
1771506923.7617362,Relaxed,261910.421875,260558.59375,324237.71875,295188.40625,275267.1875,260506.109375,237859.859375,273339.59375
1771506923.7617362,Relaxed,261902.375,260556.796875,324227.0,295191.625,275267.46875,260506.015625,237858.609375,273336.8125
1771506923.7617362,Relaxed,261903.53125,260563.328125,324225.5625,295202.53125,275274.34375,260510.3125,237872.8125,273342.53125
1771506923.7617362,Relaxed,261894.0625,260555.8125,324216.71875,295190.65625,275267.65625,260501.640625,237872.1875,273329.125
1771506923.7617362,Relaxed,261887.0,260554.03125,324213.78125,295185.46875,275266.84375,260501.09375,237871.65625,273325.0
1771506923.7617362,Relaxed,261887.171875,260556.0,324214.75,295185.09375,275271.03125,260506.28125,237870.9375,273333.9375
1771506923.789908,Relaxed,261890.390625,260560.375,324211.625,295187.0625,275278.09375,260513.53125,237875.328125,273340.65625
1771506923.789908,Relaxed,261892.1875,260565.109375,324209.9375,295187.53125,275283.125,260516.84375,237882.65625,273343.4375
1771506923.789908,Relaxed,261887.53125,260562.4375,324203.65625,295180.0,275277.75,260507.984375,237880.78125,273339.84375
1771506923.789908,Relaxed,261886.90625,260565.203125,324203.21875,295176.53125,275279.28125,260510.84375,237880.15625,273339.84375
1771506923.789908,Relaxed,261879.84375,260562.703125,324193.84375,295170.34375,275276.78125,260508.15625,237874.515625,273337.4375
1771506923.789908,Relaxed,261879.390625,260563.859375,324191.3125,295166.0625,275278.8125,260509.6875,237875.40625,273343.34375
1771506923.8174038,Relaxed,261878.859375,260564.046875,324189.09375,295158.46875,275278.28125,260508.609375,237876.21875,273346.75
1771506923.8174038,Relaxed,261875.90625,260561.625,324179.0,295153.5625,275273.28125,260500.390625,237877.203125,273338.4375
1771506923.8174038,Relaxed,261872.875,260559.578125,324172.46875,295150.5,275271.21875,260496.453125,237876.21875,273333.78125
1771506923.8174038,Relaxed,261872.328125,260558.234375,324165.84375,295149.4375,275270.59375,260495.5625,237870.046875,273336.09375
1771506923.8174038,Relaxed,261871.984375,260555.28125,324161.09375,295148.0,275267.8125,260494.65625,237862.890625,273338.5
1771506923.8174038,Relaxed,261875.640625,260561.1875,324164.59375,295153.28125,275274.53125,260501.90625,237874.078125,273339.84375
1771506923.8174038,Relaxed,261873.140625,260563.0625,324165.40625,295153.28125,275277.3125,260506.46875,237879.703125,273342.34375
1771506923.8390417,Relaxed,261863.9375,260556.171875,324156.09375,295148.4375,275271.84375,260499.671875,237875.234375,273337.96875
1771506923.8390417,Relaxed,261863.3125,260552.234375,324152.0625,295140.75,275269.875,260500.46875,237868.53125,273339.125
1771506923.8390417,Relaxed,261867.59375,260552.515625,324151.625,295137.71875,275270.59375,260503.421875,237867.984375,273340.75
1771506923.8390417,Relaxed,261866.171875,260552.234375,324153.0625,295133.78125,275268.4375,260503.25,237865.578125,273341.1875
1771506923.8390417,Relaxed,261864.921875,260553.046875,324154.21875,295127.96875,275264.4375,260501.1875,237865.046875,273335.125
1771506923.8390417,Relaxed,261867.953125,260556.359375,324150.90625,295125.65625,275265.84375,260500.828125,237865.390625,273334.03125
1771506923.8674097,Relaxed,261869.828125,260558.40625,324147.34375,295122.4375,275270.34375,260504.234375,237864.765625,273337.25
1771506923.8674097,Relaxed,261864.375,260550.8125,324133.21875,295116.1875,275266.5,260497.609375,237858.78125,273336.09375
1771506923.8674097,Relaxed,261861.0625,260549.734375,324129.8125,295113.59375,275267.125,260499.140625,237859.765625,273332.34375
1771506923.8674097,Relaxed,261866.703125,260560.203125,324139.5625,295118.40625,275278.71875,260512.28125,237873.171875,273337.15625
1771506923.8674097,Relaxed,261862.328125,260559.03125,324136.875,295113.125,275281.5,260512.984375,237873.890625,273339.84375
1771506923.8674097,Relaxed,261855.703125,260550.09375,324121.84375,295105.625,275279.28125,260506.90625,237869.25,273342.34375
1771506923.8905146,Relaxed,261857.578125,260551.96875,324119.625,295110.8125,275286.4375,260512.984375,237878.90625,273350.03125
1771506923.8905146,Relaxed,261855.890625,260552.859375,324119.09375,295109.03125,275284.8125,260510.3125,237877.015625,273343.78125
1771506923.8905146,Relaxed,261852.84375,260552.328125,324120.53125,295103.65625,275281.6875,260509.421875,237875.328125,273342.53125
1771506923.8905146,Relaxed,261849.359375,260549.640625,324113.0,295099.90625,275280.625,260508.34375,237876.75,273348.96875
1771506923.8905146,Relaxed,261845.953125,260545.890625,324103.78125,295095.96875,275277.5625,260504.859375,237872.46875,273345.5
1771506923.8905146,Relaxed,261847.5625,260549.015625,324101.125,295098.03125,275282.5,260508.609375,237876.84375,273349.6875
1771506923.9186347,Relaxed,261845.25,260549.375,324100.5,295097.3125,275283.84375,260509.421875,237880.234375,273349.59375
1771506923.9186347,Relaxed,261848.734375,260553.9375,324105.125,295097.3125,275287.3125,260513.078125,237886.40625,273351.9375
1771506923.9186347,Relaxed,261843.640625,260546.078125,324091.28125,295086.9375,275278.5625,260503.875,237877.375,273343.875
1771506923.9186347,Relaxed,261846.140625,260543.75,324091.1875,295084.0,275279.28125,260506.640625,237876.578125,273346.46875
1771506923.9186347,Relaxed,261851.0625,260543.03125,324087.78125,295084.875,275278.46875,260507.71875,237873.0,273353.71875
1771506923.9186347,Relaxed,261853.109375,260542.140625,324078.6875,295079.59375,275273.71875,260502.984375,237870.671875,273352.375
1771506923.9186347,Relaxed,261853.203125,260538.65625,324073.75,295071.65625,275266.21875,260497.34375,237866.734375,273346.125
1771506923.9186347,Relaxed,261845.328125,260528.734375,324061.34375,295061.625,275252.0,260486.078125,237854.84375,273336.0
1771506923.9186347,Relaxed,261851.5,260533.015625,324062.65625,295064.40625,275252.90625,260488.5,237854.21875,273335.28125
1771506923.9474611,Relaxed,261858.5625,260538.03125,324063.5625,295067.0,275256.03125,260492.15625,237857.703125,273341.03125
1771506923.9474611,Relaxed,261854.984375,260536.421875,324060.34375,295060.46875,275253.15625,260490.015625,237856.09375,273339.3125
1771506923.9474611,Relaxed,261850.15625,260533.375,324060.0,295053.9375,275249.0625,260488.671875,237853.328125,273331.28125
1771506923.9474611,Relaxed,261849.625,260533.828125,324057.9375,295052.0625,275248.59375,260486.96875,237853.78125,273326.0
1771506923.9474611,Relaxed,261854.453125,260541.25,324055.96875,295060.375,275255.84375,260489.390625,237861.46875,273329.3125
1771506923.9474611,Relaxed,261854.90625,260544.375,324053.5625,295065.46875,275259.78125,260491.796875,237861.734375,273335.375
1771506923.9717588,Relaxed,261851.859375,260546.34375,324053.625,295065.5625,275263.71875,260494.75,237866.921875,273333.59375
1771506923.9717588,Relaxed,261846.765625,260543.390625,324051.5,295055.65625,275260.9375,260493.328125,237865.046875,273328.78125
1771506923.9717588,Relaxed,261848.375,260543.84375,324049.4375,295050.8125,275262.28125,260494.3125,237865.125,273325.71875
1771506923.9717588,Relaxed,261852.046875,260547.6875,324046.3125,295054.5625,275269.0,260499.140625,237869.59375,273331.8125
1771506923.9717588,Relaxed,261858.75,260549.921875,324042.8125,295061.8125,275272.84375,260500.109375,237875.40625,273335.21875
1771506923.9717588,Relaxed,261863.578125,260551.96875,324037.625,295059.5,275272.21875,260497.34375,237877.828125,273333.5
1771506923.9975102,Relaxed,261866.4375,260556.359375,324037.09375,295057.78125,275271.59375,260496.71875,237880.515625,273330.09375
1771506923.9975102,Relaxed,261873.140625,260562.875,324039.34375,295063.78125,275276.125,260500.65625,237885.78125,273330.90625
1771506923.9975102,Relaxed,261877.34375,260566.90625,324037.28125,295067.4375,275281.9375,260506.015625,237890.515625,273332.25
1771506923.9975102,Relaxed,261876.984375,260566.09375,324037.1875,295062.34375,275284.53125,260511.203125,237888.015625,273337.34375
1771506923.9975102,Relaxed,261876.453125,260567.078125,324039.78125,295056.71875,275285.09375,260512.359375,237887.921875,273340.03125
1771506923.9975102,Relaxed,261869.296875,260563.953125,324033.0,295049.375,275282.84375,260509.765625,237889.890625,273341.03125
1771506923.9975102,Relaxed,261856.78125,260553.40625,324016.1875,295038.40625,275274.1875,260500.65625,237881.84375,273332.0
1771506924.021231,Relaxed,261857.3125,260554.828125,324013.6875,295040.53125,275278.65625,260504.671875,237884.703125,273337.8125
1771506924.021231,Relaxed,261860.171875,260555.90625,324016.96875,295040.90625,275283.125,260509.6875,237888.28125,273349.15625
1771506924.021231,Relaxed,261861.78125,260556.890625,324016.34375,295040.0,275282.65625,260509.953125,237888.203125,273344.40625
1771506924.021231,Relaxed,261850.078125,260544.015625,324001.59375,295023.71875,275269.15625,260495.375,237877.015625,273333.25
1771506924.021231,Relaxed,261841.125,260533.109375,323985.6875,295011.46875,275259.40625,260485.359375,237867.640625,273331.71875
1771506924.021231,Relaxed,261842.390625,260529.265625,323975.6875,295010.6875,275255.84375,260479.734375,237863.34375,273333.875
1771506924.021231,Relaxed,261850.78125,260532.125,323976.125,295007.8125,275251.8125,260477.765625,237858.25,273329.5625
1771506924.0512252,Relaxed,261853.203125,260533.203125,323979.0625,294999.5,275245.21875,260475.4375,237850.828125,273323.84375
1771506924.0512252,Relaxed,261852.3125,260532.84375,323982.28125,294989.9375,275242.4375,260476.15625,237845.28125,273321.4375
1771506924.0512252,Relaxed,261851.6875,260533.015625,323981.03125,294988.875,275245.84375,260481.25,237846.171875,273323.5
1771506924.0512252,Relaxed,261849.359375,260529.984375,323977.09375,294988.3125,275246.625,260482.421875,237843.578125,273323.21875
1771506924.0512252,Relaxed,261854.8125,260532.484375,323978.90625,294991.8125,275249.75,260486.4375,237847.15625,273324.21875
1771506924.0937362,Relaxed,261861.703125,260540.078125,323983.8125,294998.59375,275254.875,260492.0625,237855.75,273319.65625
1771506924.0937362,Relaxed,261859.640625,260541.328125,323980.6875,294999.15625,275256.84375,260491.71875,237862.453125,273318.9375
1771506924.0937362,Relaxed,261860.890625,260544.546875,323977.375,295000.40625,275263.34375,260496.0,237867.28125,273325.46875
1771506924.0937362,Relaxed,261865.265625,260550.625,323979.96875,295006.65625,275273.71875,260505.484375,237875.859375,273328.6875
1771506924.0937362,Relaxed,261862.59375,260548.84375,323974.15625,295005.40625,275276.5,260503.0625,237878.984375,273330.65625
1771506924.0937362,Relaxed,261862.40625,260550.09375,323977.1875,294999.3125,275278.1875,260504.3125,237878.984375,273336.46875
1771506924.0937362,Relaxed,261858.65625,260548.9375,323971.84375,294994.125,275276.59375,260501.640625,237880.953125,273330.375
1771506924.1162179,Relaxed,261853.65625,260544.546875,323959.6875,294993.96875,275273.46875,260496.625,237881.484375,273326.09375
1771506924.1162179,Relaxed,261856.15625,260549.015625,323960.75,294997.875,275280.625,260504.234375,237887.125,273333.9375
1771506924.1162179,Relaxed,261857.046875,260553.21875,323954.65625,294997.25,275283.75,260507.71875,237889.265625,273335.5625
1771506924.1162179,Relaxed,261855.4375,260553.046875,323951.34375,294991.4375,275280.0,260503.78125,237883.546875,273328.6875
1771506924.1162179,Relaxed,261856.421875,260555.8125,323951.96875,294990.65625,275282.75,260506.546875,237888.015625,273334.03125
1771506924.1162179,Relaxed,261861.25,260561.8125,323953.0625,294991.28125,275293.03125,260517.28125,237898.203125,273346.125
1771506924.1162179,Relaxed,261870.90625,260570.03125,323956.46875,294995.9375,275302.25,260528.09375,237900.984375,273353.34375
1771506924.1162179,Relaxed,261877.078125,260573.4375,323958.25,294995.75,275305.8125,260534.0,237899.90625,273359.6875
1771506924.1162179,Relaxed,261876.1875,260574.140625,323955.75,294998.0625,275308.3125,260534.09375,237904.921875,273367.84375
1771506924.1412456,Relaxed,261865.09375,260566.453125,323946.4375,294990.8125,275301.8125,260525.515625,237902.5,273365.15625
1771506924.1412456,Relaxed,261859.109375,260559.296875,323938.5625,294980.09375,275294.5625,260518.890625,237895.796875,273359.6875
1771506924.1412456,Relaxed,261853.65625,260547.953125,323924.4375,294965.0625,275283.125,260505.65625,237882.46875,273352.28125
1771506924.1412456,Relaxed,261851.40625,260541.25,323916.65625,294955.34375,275271.84375,260494.21875,237870.140625,273341.09375
1771506924.1412456,Relaxed,261856.78125,260543.484375,323912.1875,294958.375,275267.375,260489.296875,237868.078125,273336.625
1771506924.1412456,Relaxed,261853.46875,260536.78125,323903.25,294949.6875,275253.875,260478.5625,237859.59375,273324.375
1771506924.1412456,Relaxed,261860.0,260540.0,323903.15625,294946.46875,275251.46875,260477.9375,237859.3125,273317.59375
1771506924.1412456,Relaxed,261857.765625,260536.234375,323898.34375,294940.3125,275245.84375,260475.4375,237849.21875,273320.09375
1771506924.1712558,Relaxed,261857.140625,260534.453125,323900.75,294934.6875,275242.6875,260479.203125,237840.1875,273318.125
1771506924.1712558,Relaxed,261856.6875,260535.875,323902.1875,294934.40625,275242.625,260481.34375,237840.09375,273311.875
1771506924.1712558,Relaxed,261860.359375,260541.421875,323904.15625,294938.6875,275249.3125,260486.609375,237848.59375,273316.53125
1771506924.1712558,Relaxed,261867.421875,260550.546875,323911.03125,294945.59375,275262.28125,260497.875,237861.828125,273327.25
1771506924.1712558,Relaxed,261866.34375,260550.984375,323910.9375,294943.875,275266.75,260504.234375,237862.71875,273321.0
1771506924.1712558,Relaxed,261863.9375,260550.8125,323908.34375,294944.96875,275272.46875,260510.046875,237867.453125,273321.875
1771506924.1712558,Relaxed,261867.15625,260557.6875,323911.5625,294953.46875,275285.09375,260520.59375,237882.203125,273335.03125
1771506924.1712558,Relaxed,261849.265625,260542.671875,323892.71875,294933.6875,275277.46875,260507.8125,237878.546875,273334.40625
1771506924.1919868,Relaxed,261843.375,260539.453125,323883.125,294928.59375,275278.65625,260506.28125,237880.59375,273338.875
1771506924.1919868,Relaxed,261843.90625,260541.78125,323882.0625,294932.1875,275287.84375,260512.453125,237887.921875,273346.8125
1771506924.1919868,Relaxed,261839.875,260539.90625,323877.40625,294927.0,275288.9375,260514.421875,237884.0,273346.46875
1771506924.1919868,Relaxed,261837.828125,260541.15625,323875.53125,294923.15625,275288.9375,260513.53125,237885.96875,273345.84375
1771506924.2143412,Relaxed,261841.125,260545.171875,323874.28125,294925.375,275289.46875,260512.546875,237891.421875,273344.0625
1771506924.2143412,Relaxed,261836.296875,260540.703125,323864.46875,294919.03125,275284.46875,260504.859375,237886.953125,273341.5625
1771506924.2143412,Relaxed,261836.65625,260539.359375,323861.875,294917.34375,275282.84375,260503.25,237883.1875,273340.65625
1771506924.2143412,Relaxed,261840.328125,260541.78125,323861.0625,294918.21875,275282.5,260504.046875,237882.921875,273341.5625
1771506924.2143412,Relaxed,261839.875,260538.109375,323856.0625,294909.75,275276.5,260497.609375,237878.546875,273337.53125
1771506924.236195,Relaxed,261842.296875,260539.8125,323858.5625,294907.84375,275274.625,260496.890625,237879.703125,273334.40625
1771506924.236195,Relaxed,261846.5,260543.125,323859.4375,294910.28125,275275.25,260500.46875,237881.484375,273335.84375
1771506924.236195,Relaxed,261844.625,260539.90625,323851.5,294899.46875,275269.71875,260496.625,237871.203125,273331.0
1771506924.236195,Relaxed,261846.9375,260541.15625,323847.125,294896.25,275269.25,260495.921875,237868.53125,273339.9375
1771506924.236195,Relaxed,261853.65625,260544.375,323844.96875,294898.75,275269.34375,260495.5625,237869.953125,273343.59375
1771506924.236195,Relaxed,261847.03125,260534.984375,323834.25,294889.09375,275255.5625,260483.125,237859.3125,273323.65625
1771506924.236195,Relaxed,261845.328125,260530.6875,323830.125,294883.625,275249.3125,260479.203125,237853.5,273318.9375
1771506924.236195,Relaxed,261845.953125,260528.734375,323826.375,294880.40625,275247.8125,260477.859375,237851.359375,273324.9375
1771506924.2537274,Relaxed,261844.4375,260526.046875,323822.4375,294876.46875,275244.75,260475.34375,237847.25,273323.84375
1771506924.2537274,Relaxed,261845.515625,260527.296875,323819.65625,294877.5625,275244.75,260474.28125,237849.390625,273318.40625
1771506924.2537274,Relaxed,261842.390625,260526.046875,323819.5625,294874.96875,275242.4375,260473.828125,237849.65625,273315.09375
1771506924.2936602,Relaxed,261842.46875,260527.390625,323824.59375,294867.4375,275243.6875,260478.921875,237849.21875,273315.34375
1771506924.2936602,Relaxed,261849.171875,260534.1875,323831.28125,294870.5625,275251.8125,260488.3125,237853.78125,273322.15625
1771506924.2936602,Relaxed,261849.265625,260536.5,323827.0,294873.4375,275255.84375,260492.0625,237856.8125,273322.96875
1771506924.2936602,Relaxed,261848.109375,260537.21875,323821.53125,294874.875,275261.21875,260494.578125,237864.421875,273325.375
1771506924.2936602,Relaxed,261850.4375,260542.9375,323827.71875,294880.0625,275270.5,260502.171875,237876.484375,273330.03125
1771506924.2936602,Relaxed,261849.71875,260545.890625,323828.15625,294882.46875,275276.84375,260507.625,237881.9375,273333.59375
1771506924.2936602,Relaxed,261853.375,260549.640625,323830.5625,294882.375,275286.15625,260517.28125,237885.96875,273338.875
1771506924.2936602,Relaxed,261846.40625,260542.5,323817.25,294872.71875,275283.03125,260513.890625,237878.265625,273339.3125
1771506924.3205116,Relaxed,261840.59375,260540.96875,323809.375,294868.34375,275284.53125,260513.078125,237881.484375,273341.5625
1771506924.3205116,Relaxed,261840.421875,260544.375,323810.71875,294868.53125,275289.8125,260517.46875,237888.28125,273347.0
1771506924.3205116,Relaxed,261845.328125,260552.0625,323813.5,294874.875,275296.0,260522.921875,237893.65625,273347.0
1771506924.3205116,Relaxed,261847.75,260554.5625,323810.1875,294875.75,275296.625,260522.296875,237892.046875,273349.0625
1771506924.3205116,Relaxed,261851.234375,260556.625,323810.90625,294874.15625,275296.875,260522.921875,237890.609375,273348.09375
1771506924.3205116,Relaxed,261854.09375,260561.984375,323811.15625,294873.71875,275299.21875,260525.0625,237894.90625,273349.78125
1771506924.3205116,Relaxed,261850.34375,260562.171875,323807.59375,294869.5,275295.71875,260520.40625,237895.53125,273349.40625
1771506924.3205116,Relaxed,261851.234375,260561.265625,323798.375,294867.0,275291.78125,260515.40625,237893.109375,273344.875
1771506924.3424273,Relaxed,261853.203125,260558.140625,323791.21875,294862.71875,275288.21875,260511.734375,237887.484375,273343.53125
1771506924.3424273,Relaxed,261857.3125,260560.375,323793.03125,294863.4375,275290.53125,260513.703125,237888.828125,273348.78125
1771506924.3424273,Relaxed,261861.15625,260562.4375,323794.8125,294862.71875,275289.5625,260512.8125,237890.875,273350.84375
1771506924.3424273,Relaxed,261862.59375,260560.5625,323790.96875,294856.28125,275283.28125,260506.28125,237886.953125,273344.25
1771506924.3424273,Relaxed,261863.125,260559.21875,323786.75,294852.6875,275279.0,260502.703125,237883.546875,273339.75
1771506924.3424273,Relaxed,261870.1875,260564.578125,323783.53125,294855.46875,275282.3125,260504.5,237883.453125,273341.09375
1771506924.3424273,Relaxed,261877.78125,260574.765625,323785.5,294860.375,275290.8125,260509.6875,237888.90625,273347.375
1771506924.3424273,Relaxed,261874.296875,260573.078125,323778.71875,294856.28125,275288.125,260504.234375,237887.125,273342.8125
1771506924.3724668,Relaxed,261863.84375,260567.796875,323770.5625,294848.65625,275283.75,260499.40625,237884.265625,273335.375
1771506924.3724668,Relaxed,261863.3125,260569.765625,323772.1875,294848.125,275288.03125,260504.9375,237888.546875,273333.3125
1771506924.3724668,Relaxed,261872.6875,260577.359375,323777.1875,294852.5,275298.75,260517.90625,237896.25,273340.5625
1771506924.3724668,Relaxed,261875.546875,260583.09375,323785.0625,294850.90625,275308.0625,260529.984375,237902.328125,273352.1875
1771506924.3724668,Relaxed,261865.546875,260575.3125,323773.96875,294843.5625,275304.3125,260526.046875,237903.03125,273350.03125
1771506924.3724668,Relaxed,261855.34375,260569.5,323766.71875,294834.09375,275299.125,260522.5625,237897.140625,273345.40625
1771506924.402435,Relaxed,261860.625,260575.671875,323773.34375,294840.71875,275306.28125,260530.515625,237904.46875,273355.21875
1771506924.402435,Relaxed,261863.75,260575.671875,323773.34375,294842.21875,275310.84375,260533.90625,237907.421875,273360.0625
1771506924.402435,Relaxed,261863.3125,260574.953125,323768.875,294838.5625,275310.5625,260534.1875,237901.609375,273349.78125
1771506924.402435,Relaxed,261852.125,260566.71875,323753.84375,294827.65625,275304.03125,260526.046875,237897.234375,273346.375
1771506924.402435,Relaxed,261853.921875,260569.59375,323754.03125,294829.8125,275305.8125,260525.953125,237903.84375,273345.125
1771506924.402435,Relaxed,261859.546875,260577.625,323757.625,294835.875,275316.09375,260535.703125,237914.484375,273367.46875
1771506924.402435,Relaxed,261846.40625,260564.21875,323739.09375,294820.25,275301.25,260518.265625,237898.390625,273346.46875
1771506924.4286094,Relaxed,261851.40625,260567.984375,323740.8125,294822.03125,275303.15625,260519.25,237897.9375,273340.03125
1771506924.4286094,Relaxed,261853.828125,260572.171875,323745.28125,294822.65625,275311.28125,260527.5625,237908.21875,273358.09375
1771506924.4286094,Relaxed,261853.109375,260572.09375,323743.03125,294820.96875,275305.1875,260521.75,237904.46875,273337.8125
1771506924.4286094,Relaxed,261844.4375,260566.640625,323732.75,294813.0,275300.1875,260515.3125,237900.984375,273337.53125
1771506924.4286094,Relaxed,261848.015625,260568.421875,323730.96875,294810.59375,275300.46875,260514.515625,237903.390625,273335.46875
1771506924.4286094,Relaxed,261850.515625,260571.375,323731.3125,294809.59375,275300.625,260516.5625,237902.6875,273338.0625
1771506924.4286094,Relaxed,261847.84375,260569.859375,323722.375,294805.9375,275295.53125,260513.703125,237897.9375,273344.25
1771506924.4286094,Relaxed,261854.09375,260575.3125,323723.09375,294808.09375,275297.78125,260515.046875,237901.609375,273352.1875
1771506924.464974,Relaxed,261853.375,260570.921875,323717.75,294800.65625,275290.625,260509.0625,237894.453125,273341.5625
1771506924.464974,Relaxed,261855.4375,260569.9375,323713.4375,294797.96875,275285.09375,260505.03125,237886.140625,273326.71875
1771506924.464974,Relaxed,261858.125,260570.484375,323713.28125,294797.53125,275290.8125,260510.40625,237891.328125,273341.65625
1771506924.464974,Relaxed,261858.5625,260567.984375,323708.15625,294794.84375,275290.625,260508.96875,237889.984375,273343.96875
1771506924.464974,Relaxed,261850.78125,260561.0,323698.0625,294784.46875,275282.40625,260498.15625,237884.796875,273326.875
1771506924.464974,Relaxed,261858.75,260572.8125,323705.9375,294792.875,275295.09375,260511.203125,237897.3125,273339.75
1771506924.464974,Relaxed,261861.25,260578.078125,323706.5625,294798.4375,275303.78125,260519.78125,237904.921875,273350.125
1771506924.4874673,Relaxed,261857.765625,260573.875,323698.34375,294791.0,275301.8125,260517.015625,237900.890625,273343.875
1771506924.4874673,Relaxed,261851.234375,260570.484375,323693.40625,294785.0,275300.71875,260516.65625,237900.09375,273343.875
1771506924.4874673,Relaxed,261845.875,260568.328125,323690.75,294778.75,275299.21875,260515.765625,237900.453125,273343.15625
1771506924.4874673,Relaxed,261845.515625,260566.71875,323683.75,294778.65625,275298.40625,260512.1875,237901.15625,273341.1875
1771506924.4874673,Relaxed,261846.765625,260564.578125,323680.90625,294775.53125,275299.84375,260513.625,237898.65625,273342.53125
1771506924.4874673,Relaxed,261851.40625,260567.171875,323682.59375,294777.3125,275306.28125,260519.703125,237904.203125,273351.21875
1771506924.4874673,Relaxed,261848.46875,260564.9375,323681.53125,294773.65625,275305.1875,260519.078125,237905.984375,273351.9375
1771506924.4874673,Relaxed,261840.78125,260557.875,323678.5625,294761.21875,275294.03125,260510.84375,237894.015625,273330.65625
1771506924.5137095,Relaxed,261835.765625,260554.75,323671.34375,294754.875,275292.40625,260507.890625,237893.5625,273337.09375
1771506924.5137095,Relaxed,261838.0,260556.4375,323665.34375,294756.75,275294.1875,260507.265625,237895.703125,273341.375
1771506924.5137095,Relaxed,261839.875,260558.671875,323661.6875,294759.09375,275297.0625,260509.0625,237895.796875,273344.9375
1771506924.5137095,Relaxed,261837.90625,260558.140625,323660.0625,294754.625,275296.0,260509.0625,237895.703125,273349.0625
1771506924.5137095,Relaxed,261844.4375,260567.53125,323669.46875,294759.0,275301.8125,260517.46875,237904.828125,273352.5625
1771506924.5137095,Relaxed,261845.875,260567.796875,323666.78125,294757.5625,275300.0,260518.265625,237903.75,273350.75
1771506924.5362062,Relaxed,261848.28125,260567.53125,323662.9375,294752.375,275298.3125,260519.609375,237898.03125,273353.875
1771506924.5362062,Relaxed,261847.390625,260563.59375,323659.34375,294744.0625,275292.21875,260516.203125,237889.453125,273354.78125
1771506924.5362062,Relaxed,261847.390625,260560.90625,323657.84375,294737.90625,275285.96875,260512.546875,237886.234375,273353.1875
1771506924.5362062,Relaxed,261850.96875,260563.328125,323656.40625,294737.09375,275283.375,260508.15625,237888.734375,273352.5625
1771506924.5362062,Relaxed,261849.453125,260560.46875,323649.78125,294732.71875,275275.6875,260500.296875,237883.453125,273343.0625
1771506924.5705698,Relaxed,261849.890625,260560.828125,323644.875,294731.28125,275274.8125,260498.78125,237880.515625,273339.6875
1771506924.5705698,Relaxed,261857.671875,260567.53125,323650.5,294736.46875,275283.5625,260508.078125,237886.59375,273347.625
1771506924.5705698,Relaxed,261848.46875,260560.203125,323638.96875,294727.34375,275276.59375,260500.03125,237881.484375,273335.21875
1771506924.5705698,Relaxed,261838.984375,260552.328125,323628.40625,294717.5,275269.0625,260489.296875,237877.375,273321.4375
1771506924.5705698,Relaxed,261846.671875,260561.265625,323637.0,294720.46875,275279.0,260499.21875,237886.5,273329.125
1771506924.5705698,Relaxed,261850.15625,260565.5625,323630.125,294724.84375,275285.4375,260502.078125,237892.21875,273335.28125
1771506924.5705698,Relaxed,261853.65625,260567.171875,323627.4375,294726.8125,275287.59375,260502.796875,237894.015625,273336.625
1771506924.6043746,Relaxed,261854.09375,260572.0,323632.09375,294727.625,275292.875,260507.8125,237899.375,273339.3125
1771506924.6043746,Relaxed,261855.703125,260576.015625,323633.875,294726.71875,275297.0625,260511.109375,237904.640625,273340.65625
1771506924.6043746,Relaxed,261855.078125,260577.453125,323629.65625,294720.375,275298.9375,260515.046875,237902.6875,273339.84375
1771506924.6043746,Relaxed,261856.515625,260581.03125,323628.59375,294722.34375,275305.90625,260523.09375,237907.953125,273347.0
1771506924.6043746,Relaxed,261855.53125,260579.328125,323626.0,294720.375,275308.0625,260525.6875,237907.953125,273350.75
1771506924.6043746,Relaxed,261850.4375,260577.546875,323622.6875,294719.75,275308.5,260526.140625,237909.828125,273352.46875
1771506924.6043746,Relaxed,261842.734375,260573.96875,323621.96875,294711.25,275305.65625,260525.234375,237908.765625,273348.96875
1771506924.6043746,Relaxed,261836.75,260572.453125,323623.15625,294702.5,275308.78125,260529.4375,237909.921875,273353.875
1771506924.6299825,Relaxed,261831.65625,260566.015625,323613.65625,294694.625,275306.4375,260528.015625,237906.25,273354.53125
1771506924.6299825,Relaxed,261837.375,260568.609375,323615.8125,294698.5625,275309.9375,260533.109375,237908.671875,273360.15625
1771506924.6299825,Relaxed,261832.015625,260564.21875,323607.40625,294692.21875,275305.90625,260530.0625,237906.4375,273359.4375
1771506924.6299825,Relaxed,261827.453125,260559.75,323599.28125,294680.59375,275296.0,260520.59375,237899.109375,273347.71875
1771506924.6299825,Relaxed,261831.5625,260561.265625,323599.4375,294678.4375,275294.03125,260520.046875,237895.078125,273347.53125
1771506924.6299825,Relaxed,261837.90625,260565.03125,323600.875,294679.875,275295.09375,260523.984375,237893.921875,273348.34375
1771506924.6299825,Relaxed,261843.1875,260567.796875,323602.84375,294679.6875,275294.46875,260523.984375,237891.234375,273348.25
1771506924.6299825,Relaxed,261852.671875,260575.390625,323607.40625,294682.375,275296.53125,260523.265625,237895.703125,273344.875
1771506924.6524928,Relaxed,261844.0,260569.671875,323600.34375,294665.84375,275286.4375,260516.65625,237882.828125,273342.96875
1771506924.6524928,Relaxed,261842.390625,260568.953125,323592.9375,294662.875,275281.3125,260512.8125,237880.421875,273339.75
1771506924.6524928,Relaxed,261849.796875,260574.953125,323592.375,294669.6875,275286.25,260518.171875,237886.046875,273344.5
1771506924.6524928,Relaxed,261854.984375,260577.1875,323590.0625,294672.625,275287.75,260519.703125,237886.3125,273346.28125
1771506924.6524928,Relaxed,261850.15625,260571.109375,323582.46875,294665.125,275280.875,260512.71875,237881.484375,273336.46875
1771506924.6524928,Relaxed,261854.71875,260575.75,323590.59375,294667.875,275285.0,260518.359375,237888.203125,273334.3125
1771506924.6762795,Relaxed,261846.671875,260569.859375,323579.96875,294662.0625,275281.6875,260512.71875,237887.484375,273331.625
1771506924.6762795,Relaxed,261840.78125,260563.234375,323568.875,294657.59375,275280.25,260511.03125,237884.078125,273332.34375
1771506924.6762795,Relaxed,261845.953125,260567.171875,323570.40625,294659.5,275290.625,260520.59375,237891.5,273346.75
1771506924.6762795,Relaxed,261850.15625,260570.296875,323566.0,294663.875,275292.15625,260520.953125,237895.078125,273348.15625
1771506924.6762795,Relaxed,261853.296875,260575.125,323567.90625,294666.09375,275293.40625,260520.6875,237898.921875,273347.0
1771506924.7036958,Relaxed,261850.34375,260575.9375,323567.1875,294655.90625,275292.3125,260519.78125,237897.765625,273335.84375
1771506924.7036958,Relaxed,261844.796875,260572.890625,323562.15625,294647.875,275292.40625,260520.046875,237894.546875,273342.53125
1771506924.7036958,Relaxed,261840.328125,260568.421875,323552.0625,294646.4375,275292.5,260517.28125,237893.921875,273340.125
1771506924.7036958,Relaxed,261835.40625,260566.09375,323550.0,294642.59375,275293.5625,260517.640625,237897.140625,273341.03125
1771506924.7036958,Relaxed,261835.859375,260568.25,323554.21875,294639.1875,275296.25,260521.125,237902.40625,273345.84375
1771506924.7036958,Relaxed,261835.40625,260570.296875,323554.03125,294636.40625,275300.46875,260525.515625,237906.4375,273351.9375
1771506924.7036958,Relaxed,261837.46875,260570.484375,323549.5625,294638.125,275305.375,260529.53125,237908.9375,273359.875
1771506924.7036958,Relaxed,261842.296875,260575.390625,323545.1875,294641.4375,275313.25,260535.796875,237913.859375,273366.6875
1771506924.7424374,Relaxed,261844.984375,260579.515625,323547.25,294639.71875,275314.40625,260536.234375,237915.90625,273361.9375
1771506924.7424374,Relaxed,261842.296875,260580.578125,323542.0625,294638.03125,275311.375,260531.765625,237916.265625,273356.3125
1771506924.7424374,Relaxed,261845.6875,260584.34375,323543.21875,294635.6875,275312.8125,260533.375,237918.234375,273359.4375
1771506924.7424374,Relaxed,261847.84375,260581.03125,323538.65625,294629.53125,275309.84375,260531.59375,237910.90625,273358.625
1771506924.7424374,Relaxed,261856.515625,260583.625,323542.40625,294628.5625,275310.375,260533.109375,237907.328125,273355.0625
1771506924.7424374,Relaxed,261861.609375,260585.40625,323543.40625,294628.09375,275307.78125,260533.46875,237906.4375,273359.625
1771506924.7424374,Relaxed,261861.25,260584.15625,323542.78125,294625.78125,275301.0,260529.359375,237904.640625,273357.65625
1771506924.7424374,Relaxed,261861.421875,260581.125,323537.40625,294618.09375,275294.03125,260525.0625,237898.84375,273350.65625
1771506924.76868,Relaxed,261862.328125,260578.265625,323532.21875,294608.875,275286.59375,260522.109375,237887.03125,273343.875
1771506924.76868,Relaxed,261869.390625,260584.609375,323535.09375,294610.03125,275288.84375,260526.671875,237886.5,273348.15625
1771506924.76868,Relaxed,261863.75,260579.234375,323527.21875,294603.875,275281.0625,260518.359375,237880.78125,273337.96875
1771506924.76868,Relaxed,261859.8125,260578.078125,323525.78125,294602.71875,275280.6875,260517.109375,237884.078125,273337.15625
1771506924.76868,Relaxed,261858.921875,260581.03125,323529.34375,294602.625,275287.3125,260523.71875,237891.328125,273345.65625
1771506924.76868,Relaxed,261862.671875,260585.859375,323527.84375,294607.28125,275290.4375,260529.53125,237891.234375,273338.59375
1771506924.76868,Relaxed,261867.5,260592.46875,323525.34375,294617.09375,275300.5625,260538.296875,237900.890625,273347.53125
1771506924.7962914,Relaxed,261871.0,260599.359375,323530.59375,294619.25,275310.125,260545.265625,237910.546875,273360.0625
1771506924.7962914,Relaxed,261875.109375,260607.765625,323538.03125,294622.75,275321.46875,260555.109375,237925.65625,273375.25
1771506924.7962914,Relaxed,261880.65625,260615.625,323541.34375,294627.75,275330.40625,260560.5625,237937.375,273374.53125
1771506924.7962914,Relaxed,261876.0,260613.390625,323534.0,294622.46875,275331.9375,260559.125,237935.140625,273379.1875
1771506924.7962914,Relaxed,261872.875,260608.921875,323524.0,294616.5625,275328.34375,260553.3125,237928.15625,273371.0625
1771506924.7962914,Relaxed,261874.21875,260612.953125,323523.0,294617.28125,275331.46875,260553.140625,237934.328125,273370.4375
1771506924.7962914,Relaxed,261872.25,260612.234375,323518.53125,294613.1875,275328.8125,260550.453125,237933.890625,273365.78125
1771506924.7962914,Relaxed,261868.578125,260608.75,323512.09375,294606.03125,275324.0625,260546.078125,237929.140625,273359.25
1771506924.7962914,Relaxed,261870.1875,260608.75,323511.5625,294603.59375,275324.6875,260546.96875,237928.515625,273352.28125
1771506924.822968,Relaxed,261879.125,260616.34375,323515.84375,294607.71875,275331.3125,260552.78125,237933.34375,273357.03125
1771506924.822968,Relaxed,261876.453125,260616.796875,323510.9375,294603.59375,275332.03125,260549.640625,237936.203125,273358.8125
1771506924.822968,Relaxed,261868.3125,260612.5,323505.65625,294595.46875,275325.59375,260545.625,237929.6875,273356.46875
1771506924.822968,Relaxed,261874.21875,260618.3125,323507.4375,294600.375,275330.5,260551.25,237939.0625,273360.40625
1771506924.822968,Relaxed,261872.0625,260611.421875,323496.625,294596.375,275323.4375,260545.71875,237932.359375,273357.8125
1771506924.822968,Relaxed,261871.890625,260607.578125,323492.0625,294586.625,275316.1875,260541.875,237922.171875,273353.53125
1771506924.8462226,Relaxed,261878.765625,260611.078125,323495.125,294583.40625,275317.1875,260541.875,237924.046875,273355.5
1771506924.8462226,Relaxed,261883.875,260615.1875,323497.53125,294584.46875,275318.96875,260541.515625,237929.953125,273359.0625
1771506924.8462226,Relaxed,261885.921875,260618.140625,323498.96875,294583.75,275318.53125,260540.796875,237931.46875,273358.90625
1771506924.8761501,Relaxed,261891.921875,260620.546875,323496.46875,294582.9375,275315.3125,260540.96875,237922.265625,273359.875
1771506924.8761501,Relaxed,261895.21875,260620.8125,323487.15625,294583.40625,275313.875,260538.46875,237919.84375,273357.1875
1771506924.8761501,Relaxed,261895.484375,260619.5625,323484.84375,294581.15625,275309.75,260535.609375,237917.796875,273356.75
1771506924.8761501,Relaxed,261887.625,260610.796875,323480.8125,294566.78125,275297.875,260528.28125,237907.328125,273347.90625
1771506924.8761501,Relaxed,261887.796875,260610.265625,323481.15625,294564.09375,275296.875,260531.765625,237905.546875,273346.5625
1771506924.8761501,Relaxed,261885.203125,260607.40625,323476.0625,294562.21875,275299.84375,260535.796875,237904.828125,273349.875
1771506924.8761501,Relaxed,261878.140625,260600.796875,323470.09375,294555.59375,275299.65625,260535.34375,237900.71875,273349.0625
1771506924.8761501,Relaxed,261884.5,260607.765625,323475.90625,294560.25,275307.0,260541.328125,237908.578125,273347.46875
1771506924.8761501,Relaxed,261887.71875,260611.875,323480.375,294560.15625,275311.375,260545.984375,237914.75,273347.46875
1771506924.8761501,Relaxed,261889.953125,260615.453125,323483.03125,294561.21875,275319.3125,260553.765625,237922.96875,273352.1875
1771506924.9049041,Relaxed,261894.0625,260621.53125,323481.96875,294566.15625,275331.125,260564.40625,237932.453125,273361.3125
1771506924.9049041,Relaxed,261883.25,260614.828125,323470.34375,294557.84375,275331.84375,260560.203125,237930.9375,273365.0625
1771506924.9049041,Relaxed,261883.25,260616.53125,323468.90625,294556.40625,275334.34375,260559.9375,237935.40625,273369.09375
1771506924.9049041,Relaxed,261882.171875,260616.96875,323465.625,294554.6875,275336.3125,260558.59375,237941.125,273372.21875
1771506924.9049041,Relaxed,261874.125,260613.484375,323457.90625,294548.71875,275334.96875,260554.390625,237940.046875,273366.84375
1771506924.9049041,Relaxed,261871.0,260614.015625,323452.46875,294546.5625,275337.375,260556.171875,237940.40625,273367.3125
1771506924.9049041,Relaxed,261870.015625,260618.578125,323447.28125,294547.375,275345.96875,260563.859375,237947.921875,273377.59375
1771506924.9049041,Relaxed,261863.21875,260614.640625,323439.5,294538.59375,275344.34375,260561.0,237945.421875,273378.9375
1771506924.9274552,Relaxed,261862.859375,260611.34375,323440.40625,294535.125,275339.4375,260556.265625,237945.15625,273377.84375
1771506924.9274552,Relaxed,261861.78125,260608.03125,323438.53125,294528.9375,275335.59375,260555.90625,237942.921875,273377.3125
1771506924.9274552,Relaxed,261856.875,260603.296875,323433.15625,294518.84375,275333.625,260556.4375,237937.375,273377.59375
1771506924.9274552,Relaxed,261853.296875,260597.484375,323429.40625,294512.0625,275329.15625,260551.96875,237930.046875,273374.46875
1771506924.9274552,Relaxed,261855.4375,260594.890625,323426.53125,294505.96875,275323.71875,260548.75,237925.296875,273369.0
1771506924.9599926,Relaxed,261856.15625,260595.25,323426.28125,294501.3125,275319.78125,260546.421875,237925.484375,273369.34375
1771506924.9599926,Relaxed,261862.859375,260600.078125,323428.3125,294502.5,275320.84375,260549.015625,237927.890625,273374.28125
1771506924.9599926,Relaxed,261867.328125,260602.75,323424.3125,294501.15625,275320.65625,260548.75,237925.921875,273378.9375
1771506924.9599926,Relaxed,261869.203125,260603.65625,323421.1875,294495.59375,275317.0,260545.625,237919.484375,273372.21875
1771506924.9599926,Relaxed,261877.15625,260611.078125,323423.0625,294499.53125,275319.5,260547.859375,237924.140625,273375.78125
1771506924.9599926,Relaxed,261880.5625,260615.453125,323423.5,294501.875,275318.96875,260547.234375,237927.09375,273375.625
1771506924.9599926,Relaxed,261881.1875,260616.53125,323421.53125,294500.25,275315.75,260544.375,237926.375,273370.4375
1771506924.9861724,Relaxed,261879.84375,260611.421875,323416.78125,294495.0625,275307.15625,260540.171875,237913.40625,273356.65625
1771506924.9861724,Relaxed,261881.09375,260611.515625,323418.84375,294498.28125,275310.90625,260547.140625,237914.75,273367.5625
1771506924.9861724,Relaxed,261867.953125,260598.28125,323405.53125,294484.34375,275301.875,260539.90625,237906.25,273357.8125
1771506924.9861724,Relaxed,261871.171875,260602.75,323412.9375,294486.125,275309.75,260549.921875,237915.109375,273365.34375
1771506924.9861724,Relaxed,261865.359375,260598.28125,323411.78125,294477.625,275310.28125,260551.796875,237915.734375,273366.21875
1771506924.9861724,Relaxed,261865.453125,260600.25,323411.15625,294478.71875,275316.46875,260557.6875,237919.046875,273366.75
1771506924.9861724,Relaxed,261873.046875,260610.09375,323418.03125,294487.5625,275331.75,260572.265625,237931.5625,273377.125
1771506924.9861724,Relaxed,261875.546875,260615.625,323423.0625,294485.78125,275338.46875,260580.140625,237934.234375,273387.40625
1771506925.013076,Relaxed,261872.25,260617.234375,323418.21875,294485.6875,275339.875,260577.453125,237939.875,273384.28125
1771506925.013076,Relaxed,261866.96875,260615.1875,323409.8125,294480.3125,275339.71875,260573.25,237941.578125,273382.5
1771506925.013076,Relaxed,261874.75,260622.78125,323410.90625,294484.96875,275347.75,260580.5,237947.03125,273385.0
1771506925.013076,Relaxed,261879.390625,260627.4375,323409.375,294488.1875,275351.34375,260581.921875,237948.90625,273384.28125
1771506925.013076,Relaxed,261870.1875,260620.734375,323401.875,294475.125,275346.15625,260576.65625,237944.25,273380.34375
1771506925.013076,Relaxed,261875.203125,260627.078125,323408.21875,294475.65625,275351.6875,260579.6875,237954.359375,273387.34375
1771506925.0461495,Relaxed,261876.71875,260629.3125,323405.71875,294476.5625,275352.84375,260578.265625,237956.6875,273390.1875
1771506925.0461495,Relaxed,261876.53125,260628.6875,323400.625,294474.0625,275354.8125,260580.5,237954.71875,273396.90625
1771506925.0461495,Relaxed,261871.703125,260622.96875,323392.03125,294467.09375,275351.6875,260577.1875,237950.0625,273397.53125
1771506925.0461495,Relaxed,261873.5,260622.96875,323390.40625,294464.03125,275348.125,260574.859375,237948.28125,273389.21875
1771506925.0461495,Relaxed,261870.015625,260619.46875,323384.53125,294458.78125,275344.53125,260571.640625,237947.296875,273383.21875
1771506925.0461495,Relaxed,261873.046875,260622.34375,323382.71875,294459.125,275347.9375,260576.296875,237953.828125,273387.6875
1771506925.0461495,Relaxed,261876.890625,260623.40625,323382.46875,294459.46875,275348.90625,260576.65625,237956.0625,273391.1875
1771506925.0461495,Relaxed,261891.109375,260629.671875,323386.5625,294466.0,275352.40625,260580.40625,237960.078125,273395.09375
1771506925.077445,Relaxed,261892.8125,260628.140625,323382.71875,294462.53125,275350.875,260579.515625,237959.546875,273395.375
1771506925.077445,Relaxed,261882.703125,260619.921875,323374.25,294454.03125,275340.0625,260569.140625,237952.484375,273384.46875
1771506925.077445,Relaxed,261889.5,260624.296875,323381.03125,294454.5625,275339.4375,260571.28125,237953.375,273385.625
1771506925.077445,Relaxed,261891.203125,260624.578125,323370.40625,294453.03125,275338.53125,260569.234375,237951.5,273386.53125
1771506925.077445,Relaxed,261888.78125,260624.125,323364.125,294449.125,275334.875,260568.875,237943.546875,273381.53125
1771506925.077445,Relaxed,261887.890625,260627.609375,323363.96875,294448.84375,275338.1875,260571.109375,237947.46875,273386.875
1771506925.077445,Relaxed,261883.25,260626.984375,323361.1875,294443.84375,275338.375,260570.296875,237949.890625,273388.40625
1771506925.077445,Relaxed,261884.3125,260628.234375,323361.53125,294442.0625,275340.5,260572.625,237950.78125,273384.90625
1771506925.1011531,Relaxed,261886.8125,260629.484375,323362.6875,294442.0625,275347.3125,260580.046875,237953.640625,273392.0625
1771506925.1011531,Relaxed,261876.453125,260616.96875,323353.59375,294431.3125,275343.1875,260577.71875,237945.859375,273390.09375
1771506925.1011531,Relaxed,261874.125,260614.46875,323348.65625,294426.84375,275341.40625,260574.234375,237944.609375,273381.875
1771506925.1011531,Relaxed,261882.96875,260625.90625,323359.5625,294434.4375,275352.5,260583.265625,237956.765625,273390.71875
1771506925.1011531,Relaxed,261878.328125,260627.25,323356.8125,294430.78125,275353.03125,260583.625,237957.484375,273393.40625
1771506925.1011531,Relaxed,261876.265625,260627.25,323351.875,294428.0,275353.03125,260581.65625,237956.5,273389.90625
1771506925.1011531,Relaxed,261885.03125,260635.75,323358.78125,294433.28125,275362.78125,260590.328125,237963.75,273395.1875
1771506925.1262424,Relaxed,261887.265625,260639.328125,323358.9375,294433.1875,275365.5625,260594.171875,237966.078125,273398.15625
1771506925.1262424,Relaxed,261889.859375,260645.3125,323361.4375,294435.53125,275368.21875,260598.828125,237973.046875,273397.34375
1771506925.1262424,Relaxed,261884.859375,260642.546875,323354.9375,294430.5,275363.21875,260592.203125,237970.8125,273389.21875
1771506925.1262424,Relaxed,261891.640625,260645.40625,323357.25,294426.5,275364.21875,260595.78125,237964.109375,273396.53125
1771506925.1262424,Relaxed,261898.0,260648.4375,323355.46875,294427.5625,275368.6875,260600.25,237966.78125,273403.34375
1771506925.1262424,Relaxed,261896.75,260647.546875,323347.6875,294425.59375,275366.1875,260595.875,237966.421875,273399.21875
1771506925.1262424,Relaxed,261891.015625,260643.53125,323341.78125,294418.25,275361.0625,260588.984375,237963.65625,273391.0
1771506925.1574225,Relaxed,261897.015625,260648.71875,323343.84375,294420.84375,275364.5625,260592.921875,237971.34375,273394.75
1771506925.1574225,Relaxed,261904.609375,260652.5625,323344.1875,294425.0625,275366.34375,260595.0625,237973.40625,273390.0
1771506925.1574225,Relaxed,261908.09375,260654.25,323345.34375,294423.71875,275366.71875,260597.125,237968.484375,273396.09375
1771506925.1574225,Relaxed,261908.28125,260651.578125,323343.9375,294419.4375,275362.875,260595.421875,237963.390625,273396.1875
1771506925.1574225,Relaxed,261920.171875,260660.515625,323349.28125,294421.9375,275367.0625,260599.984375,237970.625,273397.0
1771506925.1574225,Relaxed,261916.0625,260657.390625,323344.03125,294412.8125,275360.625,260593.71875,237964.28125,273393.59375
1771506925.189925,Relaxed,261922.140625,260664.0,323344.65625,294415.3125,275366.8125,260600.875,237969.921875,273399.65625
1771506925.189925,Relaxed,261916.953125,260657.5625,323331.0625,294409.0625,275362.875,260595.25,237964.375,273398.6875
1771506925.189925,Relaxed,261916.328125,260655.234375,323326.03125,294409.3125,275361.53125,260591.765625,237965.09375,273395.03125
1771506925.189925,Relaxed,261919.8125,260658.28125,323332.125,294410.40625,275364.03125,260594.53125,237969.828125,273392.5
1771506925.189925,Relaxed,261919.625,260660.328125,323332.5625,294406.09375,275368.21875,260600.25,237972.5,273395.28125
1771506925.189925,Relaxed,261918.921875,260659.0,323323.0,294404.6875,275371.625,260603.46875,237973.046875,273400.5625
1771506925.189925,Relaxed,261922.5,260659.890625,323317.8125,294406.46875,275375.84375,260605.265625,237973.484375,273404.6875
1771506925.189925,Relaxed,261926.0625,260667.3125,323322.8125,294404.84375,275385.5,260613.65625,237981.359375,273413.625
1771506925.2211943,Relaxed,261924.015625,260671.234375,323327.46875,294399.59375,275388.53125,260617.421875,237986.546875,273414.40625
1771506925.2211943,Relaxed,261922.5,260674.8125,323329.09375,294405.65625,275391.125,260620.09375,237993.78125,273414.6875
1771506925.2211943,Relaxed,261922.9375,260671.328125,323322.5625,294404.84375,275388.4375,260615.8125,237991.28125,273411.8125
1771506925.2211943,Relaxed,261929.015625,260677.234375,323320.3125,294410.03125,275396.125,260621.171875,237997.90625,273419.4375
1771506925.2211943,Relaxed,261920.34375,260667.484375,323309.3125,294400.90625,275384.3125,260609.734375,237986.8125,273406.375
1771506925.2211943,Relaxed,261911.3125,260663.1875,323303.25,294392.4375,275378.875,260605.53125,237982.4375,273403.875
1771506925.2211943,Relaxed,261900.859375,260658.71875,323299.75,294382.21875,275377.0,260604.71875,237979.484375,273410.03125
1771506925.2211943,Relaxed,261900.859375,260661.40625,323296.1875,294384.75,275380.65625,260606.25,237981.53125,273407.96875
1771506925.2530363,Relaxed,261903.09375,260660.875,323293.3125,294377.3125,275380.125,260607.5,237976.984375,273403.59375
1771506925.2530363,Relaxed,261898.53125,260656.21875,323290.5625,294366.40625,275375.125,260604.453125,237969.734375,273403.34375
1771506925.2530363,Relaxed,261897.453125,260655.234375,323289.75,294362.75,275371.0,260600.609375,237969.203125,273399.03125
1771506925.2530363,Relaxed,261901.75,260658.8125,323292.53125,294365.4375,275372.15625,260602.671875,237973.21875,273399.9375
1771506925.2530363,Relaxed,261900.234375,260657.65625,323287.59375,294364.25,275373.3125,260602.390625,237973.3125,273404.9375
1771506925.2530363,Relaxed,261903.8125,260659.171875,323285.90625,294366.5,275376.46875,260604.71875,237976.4375,273412.375
1771506925.2530363,Relaxed,261907.203125,260662.125,323285.1875,294364.09375,275375.5625,260604.640625,237974.46875,273401.71875
1771506925.2694283,Relaxed,261907.375,260662.921875,323285.0,294359.625,275375.84375,260606.421875,237975.546875,273402.15625
1771506925.2694283,Relaxed,261906.84375,260664.171875,323282.59375,294358.28125,275374.9375,260608.484375,237977.609375,273404.6875
1771506925.2694283,Relaxed,261908.359375,260664.171875,323278.5625,294357.03125,275375.375,260610.0,237977.609375,273411.125
1771506925.2694283,Relaxed,261910.6875,260662.390625,323273.84375,294360.5,275375.84375,260609.1875,237979.65625,273413.15625
1771506925.2694283,Relaxed,261905.328125,260656.9375,323264.4375,294355.84375,275371.625,260603.921875,237976.984375,273410.3125
1771506925.2846072,Relaxed,261901.578125,260654.078125,323263.09375,294348.625,275371.71875,260603.296875,237977.515625,273412.71875
1771506925.2846072,Relaxed,261900.140625,260653.546875,323257.28125,294343.34375,275372.53125,260604.453125,237978.046875,273413.34375
1771506925.2846072,Relaxed,261899.0625,260653.625,323252.1875,294340.40625,275375.21875,260608.921875,237978.59375,273412.8125
1771506925.2846072,Relaxed,261908.71875,260661.3125,323257.5625,294347.28125,275384.9375,260618.140625,237984.75,273422.90625
1771506925.307986,Relaxed,261909.078125,260660.6875,323254.59375,294348.4375,275385.84375,260617.59375,237986.453125,273423.4375
1771506925.307986,Relaxed,261904.875,260659.0,323252.09375,294345.5,275384.78125,260615.09375,237990.03125,273414.96875
1771506925.307986,Relaxed,261900.859375,260660.515625,323253.96875,294336.09375,275386.8125,260618.9375,237991.8125,273416.75
1771506925.307986,Relaxed,261902.109375,260662.5625,323253.4375,294333.59375,275389.40625,260620.734375,237993.609375,273424.0625
1771506925.307986,Relaxed,261909.703125,260665.875,323250.0625,294340.40625,275393.25,260621.265625,237998.703125,273431.84375
1771506925.307986,Relaxed,261911.859375,260666.0625,323247.71875,294343.15625,275392.71875,260619.46875,238001.125,273432.125
1771506925.3369007,Relaxed,261918.203125,260673.828125,323253.4375,294347.90625,275397.46875,260624.65625,238008.890625,273431.5
1771506925.3369007,Relaxed,261919.359375,260674.640625,323252.1875,294343.625,275396.84375,260625.203125,238008.890625,273430.0625
1771506925.3369007,Relaxed,261919.1875,260674.1875,323247.90625,294341.375,275393.8125,260622.34375,238006.21875,273425.59375
1771506925.3369007,Relaxed,261927.234375,260679.46875,323249.875,294347.28125,275397.71875,260625.90625,238006.75,273429.25
1771506925.3369007,Relaxed,261935.015625,260686.171875,323255.25,294351.125,275403.53125,260633.0625,238010.0625,273437.5625
1771506925.3767698,Relaxed,261932.5,260688.046875,323255.6875,294345.75,275401.3125,260632.34375,238007.5625,273429.4375
1771506925.3767698,Relaxed,261930.359375,260691.171875,323256.5625,294341.46875,275402.125,260635.390625,238006.484375,273424.6875
1771506925.3767698,Relaxed,261941.53125,260703.078125,323263.625,294349.0625,275412.5,260644.6875,238014.171875,273431.6875
1771506925.3767698,Relaxed,261943.5,260705.484375,323264.90625,294344.875,275413.5625,260648.265625,238012.46875,273430.78125
1771506925.3767698,Relaxed,261943.59375,260707.8125,323264.71875,294343.25,275414.46875,260650.765625,238011.21875,273436.9375
1771506925.3767698,Relaxed,261940.828125,260705.9375,323261.84375,294338.96875,275411.6875,260646.828125,238012.46875,273437.3125
1771506925.3767698,Relaxed,261935.1875,260697.34375,323253.96875,294329.46875,275400.6875,260636.46875,238005.5,273410.9375
1771506925.401247,Relaxed,261935.71875,260695.65625,323247.46875,294329.65625,275400.6875,260637.09375,238002.546875,273412.28125
1771506925.401247,Relaxed,261932.0625,260691.171875,323239.84375,294324.46875,275399.96875,260636.46875,237998.796875,273423.8125
1771506925.401247,Relaxed,261927.953125,260685.90625,323229.75,294315.34375,275394.59375,260630.828125,237993.421875,273417.375
1771506925.401247,Relaxed,261933.3125,260692.609375,323227.96875,294319.03125,275400.3125,260634.140625,238004.6875,273422.28125
1771506925.401247,Relaxed,261931.4375,260689.484375,323221.875,294313.03125,275397.46875,260628.78125,238006.21875,273421.03125
1771506925.401247,Relaxed,261927.859375,260684.5625,323214.8125,294308.125,275392.8125,260622.78125,238002.640625,273415.75
1771506925.401247,Relaxed,261940.015625,260694.84375,323224.375,294316.25,275401.59375,260632.625,238008.890625,273420.5
1771506925.401247,Relaxed,261939.296875,260692.609375,323222.4375,294312.6875,275400.6875,260632.890625,238006.65625,273423.375
1771506925.401247,Relaxed,261931.703125,260683.765625,323215.4375,294299.875,275392.625,260625.640625,238002.015625,273421.03125
1771506925.401247,Relaxed,261922.9375,260677.046875,323206.0625,294292.8125,275387.0,260619.203125,238000.140625,273419.875
1771506925.401247,Relaxed,261919.546875,260674.640625,323200.34375,294295.5,275389.0625,260621.53125,238003.796875,273425.40625
1771506925.4354937,Relaxed,261913.546875,260668.109375,323192.65625,294290.15625,275385.03125,260619.65625,237997.546875,273421.84375
1771506925.4354937,Relaxed,261912.296875,260665.78125,323192.90625,294282.71875,275381.71875,260618.765625,237991.90625,273418.4375
1771506925.4354937,Relaxed,261922.578125,260676.421875,323200.25,294291.21875,275389.15625,260626.625,238002.1875,273423.09375
1771506925.4354937,Relaxed,261926.78125,260682.234375,323205.53125,294295.78125,275394.6875,260631.984375,238009.171875,273426.03125
1771506925.4354937,Relaxed,261929.734375,260686.796875,323208.375,294292.5625,275402.28125,260639.234375,238012.390625,273433.0
1771506925.4354937,Relaxed,261923.65625,260682.5,323199.625,294286.03125,275400.6875,260636.015625,238006.921875,273433.90625
1771506925.4354937,Relaxed,261930.1875,260689.5625,323203.03125,294290.6875,275405.875,260642.1875,238009.078125,273437.9375
1771506925.4354937,Relaxed,261939.5625,260700.75,323212.84375,294295.34375,275413.8125,260652.90625,238016.40625,273442.75
1771506925.4586408,Relaxed,261937.953125,260700.828125,323212.15625,294290.59375,275412.125,260653.1875,238014.265625,273439.4375
1771506925.4586408,Relaxed,261946.0,260709.328125,323221.25,294296.65625,275420.09375,260664.984375,238019.890625,273448.3125
1771506925.4586408,Relaxed,261952.71875,260715.140625,323224.3125,294298.09375,275425.28125,260671.234375,238021.328125,273456.8125
1771506925.4586408,Relaxed,261960.578125,260722.296875,323227.34375,294300.4375,275430.625,260677.046875,238025.4375,273464.5
1771506925.4586408,Relaxed,261957.625,260720.859375,323222.4375,294296.75,275425.53125,260671.6875,238024.90625,273457.6875
1771506925.4586408,Relaxed,261956.375,260722.203125,323217.25,294297.21875,275426.625,260669.28125,238031.15625,273456.625
1771506925.4586408,Relaxed,261951.640625,260718.8125,323209.1875,294290.3125,275425.0,260666.59375,238028.296875,273456.53125
1771506925.4586408,Relaxed,261943.953125,260709.953125,323196.59375,294281.375,275418.21875,260657.828125,238020.4375,273453.75
1771506925.480505,Relaxed,261940.109375,260702.625,323187.8125,294274.9375,275411.40625,260649.96875,238014.4375,273439.90625
1771506925.480505,Relaxed,261937.25,260702.796875,323185.3125,294270.9375,275409.53125,260646.921875,238017.484375,273434.1875
1771506925.480505,Relaxed,261934.109375,260702.171875,323181.75,294264.21875,275405.59375,260643.25,238014.796875,273429.25
1771506925.480505,Relaxed,261945.734375,260713.890625,323191.65625,294269.03125,275416.96875,260656.40625,238022.390625,273444.46875
1771506925.480505,Relaxed,261948.953125,260714.6875,323191.65625,294265.90625,275420.1875,260659.703125,238023.921875,273452.0625
1771506925.4978142,Relaxed,261938.40625,260705.3125,323178.625,294258.125,275412.75,260651.390625,238016.671875,273444.375
1771506925.4978142,Relaxed,261939.03125,260706.109375,323174.40625,294263.3125,275413.8125,260650.59375,238022.75,273445.875
1771506925.4978142,Relaxed,261937.25,260703.96875,323170.5625,294256.53125,275410.53125,260648.0,238020.515625,273444.1875
1771506925.5286825,Relaxed,261945.828125,260708.609375,323177.53125,294260.0,275415.78125,260657.03125,238022.21875,273443.03125
1771506925.5286825,Relaxed,261932.859375,260693.6875,323160.71875,294245.8125,275404.625,260647.109375,238008.8125,273433.65625
1771506925.5286825,Relaxed,261935.28125,260695.375,323158.59375,294247.6875,275408.1875,260648.4375,238012.46875,273443.03125
1771506925.5286825,Relaxed,261939.5625,260700.203125,323166.1875,294246.96875,275410.25,260652.5625,238015.25,273443.125
1771506925.5286825,Relaxed,261939.75,260700.484375,323162.6875,294240.53125,275407.5625,260650.859375,238013.640625,273439.09375
1771506925.5286825,Relaxed,261938.3125,260700.828125,323155.375,294241.34375,275409.1875,260649.875,238013.28125,273439.4375
1771506925.5286825,Relaxed,261924.015625,260688.046875,323140.15625,294228.375,275399.78125,260638.96875,238003.0,273432.375
1771506925.5286825,Relaxed,261933.125,260692.96875,323143.9375,294234.34375,275404.0,260643.171875,238006.65625,273433.71875
1771506925.552435,Relaxed,261950.203125,260709.328125,323156.8125,294251.53125,275418.03125,260656.484375,238021.140625,273442.65625
1771506925.552435,Relaxed,261945.5625,260705.21875,323150.28125,294241.25,275413.65625,260652.734375,238015.515625,273439.53125
1771506925.552435,Relaxed,261941.984375,260701.375,323146.25,294233.71875,275410.0625,260651.65625,238009.609375,273438.75
1771506925.552435,Relaxed,261944.21875,260703.25,323143.75,294235.53125,275412.3125,260653.09375,238011.75,273440.0
1771506925.552435,Relaxed,261944.84375,260704.40625,323141.34375,294233.5625,275412.5,260652.109375,238010.859375,273439.0
1771506925.5805244,Relaxed,261940.015625,260702.53125,323135.53125,294229.34375,275409.09375,260648.359375,238012.390625,273434.96875
1771506925.5805244,Relaxed,261943.140625,260705.75,323138.75,294231.40625,275410.875,260650.046875,238017.921875,273438.5625
1771506925.5805244,Relaxed,261944.390625,260706.5625,323130.6875,294231.03125,275411.875,260649.96875,238017.75,273441.15625
1771506925.5805244,Relaxed,261939.21875,260701.28125,323119.25,294223.09375,275407.375,260643.890625,238010.78125,273436.59375
1771506925.5805244,Relaxed,261938.671875,260700.125,323116.75,294222.65625,275407.9375,260643.53125,238011.9375,273436.78125
1771506925.5805244,Relaxed,261946.453125,260707.984375,323125.15625,294229.25,275415.625,260650.328125,238021.40625,273444.375
1771506925.5805244,Relaxed,261953.875,260716.21875,323132.65625,294232.46875,275421.53125,260656.9375,238028.75,273451.78125
1771506925.6100287,Relaxed,261949.9375,260711.5625,323125.40625,294224.53125,275418.3125,260653.8125,238024.359375,273449.375
1771506925.6100287,Relaxed,261948.6875,260709.6875,323120.21875,294223.09375,275418.65625,260654.703125,238023.375,273451.6875
1771506925.6100287,Relaxed,261939.921875,260703.703125,323109.78125,294214.5,275413.8125,260647.375,238020.515625,273448.84375
1771506925.6100287,Relaxed,261941.71875,260707.90625,323112.8125,294212.375,275416.40625,260648.890625,238024.28125,273447.5
1771506925.6100287,Relaxed,261948.6875,260715.140625,323123.0,294215.03125,275422.3125,260657.46875,238029.90625,273448.40625
1771506925.6100287,Relaxed,261951.453125,260714.0625,323122.5625,294214.59375,275425.1875,260661.578125,238029.546875,273450.90625
1771506925.6100287,Relaxed,261951.375,260708.96875,323114.5,294213.53125,275423.9375,260659.4375,238025.171875,273451.53125
1771506925.6100287,Relaxed,261947.265625,260705.03125,323111.28125,294203.96875,275421.4375,260657.828125,238021.5,273450.90625
1771506925.6100287,Relaxed,261948.953125,260708.4375,323113.71875,294206.375,275422.9375,260659.171875,238026.234375,273450.90625
1771506925.6312437,Relaxed,261956.109375,260715.3125,323117.09375,294213.625,275428.125,260663.734375,238034.375,273458.0625
1771506925.6312437,Relaxed,261955.65625,260713.265625,323106.1875,294211.75,275426.0,260661.671875,238032.5,273457.4375
1771506925.6312437,Relaxed,261945.734375,260699.140625,323087.875,294199.21875,275414.09375,260651.65625,238019.53125,273451.34375
1771506925.6312437,Relaxed,261937.328125,260691.890625,323080.96875,294192.25,275409.0,260646.390625,238015.515625,273449.03125
1771506925.6312437,Relaxed,261947.078125,260705.84375,323099.03125,294201.28125,275421.6875,260662.390625,238028.921875,273460.90625
1771506925.6312437,Relaxed,261944.21875,260703.078125,323097.53125,294196.09375,275419.375,260660.78125,238027.40625,273459.125
1771506925.6568348,Relaxed,261943.40625,260703.15625,323093.0625,294190.625,275419.46875,260661.671875,238025.4375,273459.5625
1771506925.6568348,Relaxed,261949.578125,260709.0625,323097.0625,294194.46875,275424.375,260667.046875,238027.671875,273460.375
1771506925.6568348,Relaxed,261960.40625,260721.578125,323109.40625,294203.25,275436.71875,260680.0,238039.734375,273470.5625
1771506925.6568348,Relaxed,261951.90625,260713.359375,323094.5625,294191.71875,275427.96875,260667.21875,238037.5,273463.78125
1771506925.6568348,Relaxed,261942.078125,260704.40625,323087.15625,294178.5625,275418.21875,260657.828125,238029.453125,273456.09375
1771506925.6805012,Relaxed,261943.953125,260705.21875,323086.53125,294176.5,275417.75,260658.28125,238028.5625,273451.78125
1771506925.6805012,Relaxed,261947.078125,260706.640625,323084.75,294180.96875,275421.4375,260660.78125,238031.609375,273458.40625
1771506925.6805012,Relaxed,261947.34375,260708.171875,323079.0,294181.96875,275424.375,260661.40625,238033.9375,273460.5625
1771506925.6805012,Relaxed,261956.28125,260716.484375,323084.125,294183.40625,275431.4375,260668.375,238040.1875,273468.5
1771506925.6805012,Relaxed,261952.890625,260713.53125,323077.0625,294180.34375,275428.5,260663.90625,238039.5625,273465.90625
1771506925.6805012,Relaxed,261953.609375,260713.265625,323073.28125,294180.71875,275428.03125,260663.015625,238039.65625,273463.0625
1771506925.6805012,Relaxed,261943.59375,260701.546875,323057.1875,294166.9375,275414.90625,260650.953125,238023.296875,273446.4375
1771506925.7036738,Relaxed,261950.03125,260709.234375,323065.34375,294170.96875,275420.96875,260660.515625,238028.296875,273449.8125
1771506925.7036738,Relaxed,261958.34375,260717.828125,323076.96875,294178.375,275430.1875,260670.890625,238042.0625,273459.84375
1771506925.7036738,Relaxed,261952.890625,260714.6875,323075.15625,294170.0625,275426.625,260668.375,238038.40625,273453.65625
1771506925.7036738,Relaxed,261948.0625,260713.359375,323070.25,294168.375,275426.625,260667.484375,238038.125,273455.625
1771506925.7036738,Relaxed,261948.59375,260714.78125,323061.9375,294172.125,275430.28125,260667.484375,238041.984375,273462.6875
1771506925.7036738,Relaxed,261943.59375,260712.28125,323055.0625,294166.75,275426.875,260664.265625,238037.0625,273463.0625
1771506925.7299283,Relaxed,261947.078125,260718.0,323061.75,294164.78125,275431.0,260670.265625,238042.78125,273464.40625
1771506925.7299283,Relaxed,261948.234375,260720.421875,323062.65625,294161.03125,275431.09375,260671.78125,238042.25,273464.9375
1771506925.7299283,Relaxed,261952.4375,260723.09375,323058.375,294162.65625,275431.0,260669.984375,238039.5625,273464.9375
1771506925.7299283,Relaxed,261954.59375,260724.53125,323050.9375,294164.09375,275433.21875,260671.953125,238040.546875,273465.1875
1771506925.7299283,Relaxed,261958.703125,260727.296875,323050.03125,294168.8125,275435.03125,260671.953125,238043.765625,273463.0625
1771506925.7299283,Relaxed,261958.703125,260727.84375,323051.46875,294166.21875,275431.875,260669.453125,238040.09375,273460.03125
1771506925.756816,Relaxed,261959.0625,260732.9375,323054.96875,294169.53125,275437.0625,260673.75,238047.34375,273462.25
1771506925.756816,Relaxed,261959.953125,260735.171875,323053.90625,294169.1875,275443.0625,260678.9375,238050.65625,273468.15625
1771506925.756816,Relaxed,261958.796875,260733.921875,323052.5625,294164.71875,275444.75,260682.78125,238047.703125,273471.28125
1771506925.756816,Relaxed,261957.0,260732.125,323048.09375,294160.875,275443.6875,260681.171875,238046.890625,273466.09375
1771506925.7848704,Relaxed,261957.890625,260734.625,323049.40625,294157.8125,275447.25,260683.9375,238053.0625,273473.4375
1771506925.7848704,Relaxed,261952.984375,260730.078125,323044.5,294149.0625,275443.0625,260678.9375,238051.359375,273466.53125
1771506925.7848704,Relaxed,261950.296875,260725.328125,323038.25,294142.4375,275437.96875,260674.015625,238045.90625,273459.9375
1771506925.7848704,Relaxed,261956.46875,260729.359375,323040.21875,294147.28125,275440.46875,260677.234375,238045.828125,273465.5625
1771506925.7848704,Relaxed,261959.78125,260735.796875,323039.9375,294153.71875,275446.375,260682.234375,238053.25,273474.84375
1771506925.7848704,Relaxed,261964.0625,260740.0,323039.59375,294156.84375,275446.46875,260680.71875,238055.75,273471.1875
1771506925.7848704,Relaxed,261957.1875,260735.34375,323034.5,294148.25,275439.03125,260672.9375,238049.9375,273464.21875
1771506925.808021,Relaxed,261958.34375,260739.109375,323033.15625,294149.25,275443.59375,260674.640625,238053.328125,273468.25
1771506925.808021,Relaxed,261956.109375,260736.78125,323026.4375,294139.9375,275444.9375,260676.875,238049.390625,273475.125
1771506925.808021,Relaxed,261957.359375,260736.328125,323023.5,294140.84375,275445.84375,260677.140625,238051.546875,273481.03125
1771506925.808021,Relaxed,261957.265625,260739.734375,323028.59375,294144.0625,275449.3125,260680.71875,238059.328125,273485.59375
1771506925.808021,Relaxed,261944.3125,260730.34375,323016.0625,294130.71875,275438.15625,260669.546875,238050.921875,273468.78125
1771506925.808021,Relaxed,261943.0625,260725.59375,323008.46875,294128.21875,275432.59375,260667.484375,238040.453125,273464.5625
1771506925.808021,Relaxed,261953.515625,260733.46875,323015.1875,294136.0,275442.875,260678.84375,238046.453125,273480.59375
1771506925.808021,Relaxed,261941.53125,260720.859375,323001.84375,294120.625,275428.75,260665.96875,238031.78125,273463.59375
1771506925.826186,Relaxed,261942.15625,260722.5625,323004.28125,294119.09375,275427.96875,260667.484375,238032.5,273460.03125
1771506925.826186,Relaxed,261953.703125,260737.9375,323017.40625,294130.375,275442.875,260682.78125,238048.421875,273474.84375
1771506925.826186,Relaxed,261955.21875,260741.875,323018.03125,294128.84375,275447.0,260686.0,238050.734375,273478.4375
1771506925.826186,Relaxed,261949.765625,260739.640625,323010.625,294121.625,275445.46875,260684.5625,238046.171875,273476.90625
1771506925.8499575,Relaxed,261953.34375,260742.765625,323009.8125,294125.09375,275450.75,260687.328125,238051.359375,273478.34375
1771506925.8499575,Relaxed,261958.171875,260748.84375,323014.8125,294127.0625,275458.25,260694.125,238060.484375,273485.5
1771506925.8499575,Relaxed,261954.953125,260746.171875,323009.0,294124.375,275456.75,260692.78125,238063.4375,273483.8125
1771506925.8499575,Relaxed,261952.625,260741.515625,323001.9375,294120.71875,275453.625,260687.328125,238059.046875,273486.125
1771506925.8499575,Relaxed,261957.8125,260743.75,323000.4375,294126.53125,275459.6875,260692.4375,238063.171875,273495.875
1771506925.8499575,Relaxed,261952.359375,260735.171875,322989.4375,294116.6875,275450.65625,260681.25,238055.125,273484.34375
1771506925.8499575,Relaxed,261952.53125,260738.03125,322991.03125,294115.875,275451.03125,260680.265625,238059.328125,273486.125
1771506925.8736687,Relaxed,261956.015625,260745.09375,322993.625,294120.4375,275456.03125,260686.265625,238067.71875,273489.78125
1771506925.8736687,Relaxed,261953.78125,260746.25,322990.5,294118.5625,275454.96875,260687.328125,238065.765625,273489.4375
1771506925.8736687,Relaxed,261950.484375,260744.640625,322986.03125,294112.84375,275452.71875,260685.015625,238060.21875,273494.09375
1771506925.8736687,Relaxed,261947.890625,260743.296875,322980.84375,294104.4375,275450.65625,260682.6875,238055.203125,273495.0625
1771506925.8736687,Relaxed,261953.609375,260749.390625,322987.625,294105.25,275454.34375,260687.875,238060.484375,273498.5625
1771506925.8736687,Relaxed,261953.0625,260749.46875,322988.09375,294104.96875,275453.4375,260688.9375,238062.265625,273494.09375
1771506925.8736687,Relaxed,261951.28125,260749.390625,322986.03125,294102.9375,275452.4375,260689.84375,238058.421875,273486.84375
1771506925.8924835,Relaxed,261952.71875,260749.65625,322985.40625,294103.5625,275454.59375,260691.890625,238056.734375,273487.71875
1771506925.8924835,Relaxed,261952.0,260745.71875,322976.03125,294101.9375,275452.1875,260687.875,238054.3125,273485.59375
1771506925.8924835,Relaxed,261954.953125,260747.328125,322979.0625,294101.0625,275453.78125,260687.953125,238059.140625,273486.84375
1771506925.8924835,Relaxed,261953.421875,260745.625,322977.1875,294097.125,275450.03125,260685.453125,238058.25,273483.09375
1771506925.8924835,Relaxed,261952.0,260744.46875,322969.75,294093.8125,275448.34375,260684.75,238055.296875,273484.96875
1771506925.9149709,Relaxed,261956.015625,260746.4375,322964.65625,294094.53125,275448.96875,260686.625,238053.78125,273485.84375
1771506925.9149709,Relaxed,261963.53125,260754.484375,322968.59375,294102.125,275453.875,260691.71875,238059.5,273488.4375
1771506925.9149709,Relaxed,261961.75,260753.3125,322968.875,294099.875,275449.21875,260688.671875,238057.625,273486.21875
1771506925.9149709,Relaxed,261957.265625,260749.828125,322969.59375,294088.25,275442.0,260684.46875,238051.09375,273480.59375
1771506925.9149709,Relaxed,261958.078125,260749.203125,322967.78125,294086.65625,275439.125,260683.84375,238046.984375,273477.53125
1771506925.9393415,Relaxed,261954.328125,260743.21875,322958.9375,294082.71875,275436.0,260681.96875,238042.6875,273475.75
1771506925.9393415,Relaxed,261954.859375,260742.671875,322957.78125,294081.28125,275437.0625,260681.34375,238044.125,273477.71875
1771506925.9393415,Relaxed,261957.546875,260744.734375,322960.625,294082.0,275438.15625,260682.421875,238049.84375,273477.0
1771506925.9393415,Relaxed,261960.3125,260749.109375,322966.09375,294084.875,275443.5,260687.953125,238058.875,273479.5
1771506925.9393415,Relaxed,261957.09375,260745.71875,322957.40625,294081.5625,275445.375,260686.890625,238062.71875,273486.125
1771506925.9674616,Relaxed,261950.75,260739.375,322947.3125,294075.125,275442.78125,260682.953125,238056.640625,273489.25
1771506925.9674616,Relaxed,261950.828125,260738.296875,322944.625,294073.96875,275443.5,260683.84375,238054.40625,273492.90625
1771506925.9674616,Relaxed,261945.46875,260733.828125,322937.3125,294065.03125,275438.78125,260678.21875,238051.28125,273482.71875
1771506925.9674616,Relaxed,261944.21875,260733.5625,322934.875,294064.46875,275438.3125,260676.96875,238054.578125,273477.0
1771506925.9674616,Relaxed,261951.375,260739.90625,322938.46875,294071.46875,275444.5,260682.421875,238061.109375,273481.65625
1771506925.9674616,Relaxed,261949.3125,260735.4375,322927.1875,294065.1875,275440.1875,260677.046875,238050.828125,273485.3125
1771506925.9674616,Relaxed,261949.84375,260737.671875,322922.90625,294060.5625,275442.875,260679.109375,238053.0625,273491.3125
1771506926.0180182,Relaxed,261954.59375,260744.109375,322925.875,294063.9375,275447.1875,260684.03125,238058.96875,273491.125
1771506926.0180182,Relaxed,261948.78125,260741.25,322923.09375,294058.84375,275443.6875,260682.421875,238056.28125,273486.84375
1771506926.0180182,Relaxed,261939.484375,260734.359375,322915.84375,294048.65625,275440.1875,260680.71875,238052.703125,273486.46875
1771506926.0180182,Relaxed,261937.953125,260734.1875,322911.71875,294045.78125,275440.03125,260679.640625,238053.875,273479.78125
1771506926.0180182,Relaxed,261939.03125,260735.4375,322915.9375,294042.84375,275440.1875,260680.8125,238050.375,273490.875
1771506926.0180182,Relaxed,261937.609375,260737.21875,322918.34375,294045.25,275439.5,260679.28125,238054.5,273489.53125
1771506926.0180182,Relaxed,261929.90625,260730.96875,322910.75,294038.1875,275432.0625,260673.65625,238049.578125,273481.75
1771506926.0180182,Relaxed,261933.75,260732.9375,322908.34375,294038.8125,275431.96875,260676.609375,238048.859375,273485.5
1771506926.0404863,Relaxed,261939.296875,260734.28125,322904.40625,294040.25,275433.3125,260679.109375,238046.984375,273488.625
1771506926.0404863,Relaxed,261942.25,260732.84375,322900.8125,294038.09375,275431.25,260676.15625,238044.484375,273491.84375
1771506926.0404863,Relaxed,261943.6875,260733.015625,322902.0625,294032.75,275426.96875,260673.5625,238039.46875,273481.75
1771506926.0404863,Relaxed,261950.828125,260741.25,322906.625,294039.34375,275431.4375,260677.140625,238049.3125,273481.84375
1771506926.0404863,Relaxed,261953.421875,260745.984375,322905.75,294041.3125,275433.75,260680.265625,238050.375,273486.3125
1771506926.0404863,Relaxed,261948.0625,260739.28125,322895.1875,294035.4375,275429.21875,260674.375,238043.046875,273487.71875
1771506926.0404863,Relaxed,261949.578125,260737.671875,322892.78125,294035.34375,275430.53125,260674.453125,238043.765625,273484.6875
1771506926.0404863,Relaxed,261952.359375,260738.125,322892.59375,294035.6875,275431.1875,260671.875,238050.203125,273484.875
1771506926.0404863,Relaxed,261943.0625,260728.015625,322884.28125,294019.40625,275417.65625,260660.15625,238035.09375,273465.90625
1771506926.0404863,Relaxed,261945.5625,260730.34375,322883.40625,294016.65625,275423.46875,260665.96875,238041.265625,273472.0
1771506926.0649312,Relaxed,261951.28125,260733.375,322886.0625,294020.3125,275429.5625,260673.03125,238044.5625,273479.5
1771506926.0649312,Relaxed,261956.640625,260741.0625,322890.46875,294029.53125,275438.40625,260680.546875,238052.703125,273486.46875
1771506926.0649312,Relaxed,261954.953125,260744.5625,322891.34375,294031.75,275443.0625,260684.390625,238060.3125,273492.46875
1771506926.0649312,Relaxed,261949.40625,260740.796875,322887.6875,294023.875,275441.53125,260683.140625,238059.40625,273488.90625
1771506926.0649312,Relaxed,261947.796875,260739.28125,322884.90625,294020.3125,275441.625,260683.140625,238058.96875,273489.0625
1771506926.0649312,Relaxed,261947.53125,260739.640625,322882.9375,294020.125,275443.40625,260684.296875,238058.421875,273492.28125
1771506926.0649312,Relaxed,261952.0,260745.71875,322887.40625,294024.875,275447.96875,260690.109375,238064.0625,273500.15625
1771506926.0893133,Relaxed,261951.28125,260747.234375,322884.28125,294023.1875,275445.375,260686.984375,238066.296875,273500.25
1771506926.0893133,Relaxed,261950.921875,260747.6875,322883.3125,294019.5,275442.625,260683.84375,238063.796875,273492.03125
1771506926.0893133,Relaxed,261950.484375,260747.953125,322879.8125,294018.625,275442.71875,260685.90625,238063.25,273487.8125
1771506926.0893133,Relaxed,261954.328125,260752.328125,322877.65625,294023.09375,275448.25,260692.78125,238067.90625,273494.71875
1771506926.0893133,Relaxed,261948.515625,260746.875,322870.6875,294013.34375,275442.71875,260686.984375,238062.265625,273494.71875
1771506926.0893133,Relaxed,261943.0625,260742.671875,322865.59375,294004.03125,275440.65625,260675.71875,238058.25,273494.0
1771506926.1149194,Relaxed,261944.390625,260744.375,322866.3125,294002.53125,275437.34375,260680.09375,238060.03125,273496.0625
1771506926.1149194,Relaxed,261944.84375,260741.875,322863.09375,293998.78125,275429.90625,260684.203125,238056.90625,273495.78125
1771506926.1149194,Relaxed,261949.40625,260743.84375,322862.125,294002.4375,275431.71875,260687.875,238058.25,273498.625
1771506926.1149194,Relaxed,261955.9375,260747.421875,322870.59375,294007.15625,275434.84375,260697.53125,238057.71875,273510.4375
1771506926.1149194,Relaxed,261965.234375,260755.734375,322880.25,294020.5,275445.21875,260710.40625,238070.859375,273524.03125
1771506926.1149194,Relaxed,261957.359375,260753.9375,322877.9375,294016.46875,275444.59375,260712.640625,238068.078125,273524.375
1771506926.1149194,Relaxed,261950.921875,260745.625,322866.3125,294003.15625,275437.96875,260704.140625,238058.96875,273516.6875
1771506926.141731,Relaxed,261947.078125,260737.9375,322857.375,293995.8125,275433.21875,260696.09375,238050.65625,273515.53125
1771506926.141731,Relaxed,261949.84375,260740.71875,322857.90625,293995.28125,275437.34375,260692.78125,238049.75,273510.25
1771506926.141731,Relaxed,261944.390625,260742.140625,322849.25,293986.15625,275443.0625,260678.03125,238050.03125,273503.65625
1771506926.141731,Relaxed,261941.0,260744.109375,322843.4375,293985.90625,275443.78125,260672.671875,238053.78125,273497.375
1771506926.141731,Relaxed,261939.390625,260743.296875,322834.3125,293982.0625,275435.09375,260674.90625,238051.8125,273489.0625
1771506926.1599305,Relaxed,261947.796875,260748.578125,322839.9375,293986.6875,275440.84375,260686.0,238056.46875,273494.25
1771506926.1599305,Relaxed,261957.359375,260756.71875,322846.09375,293995.90625,275453.34375,260699.5,238070.140625,273505.0
1771506926.1599305,Relaxed,261955.21875,260755.734375,322841.375,293997.78125,275454.34375,260699.40625,238073.890625,273499.8125
1771506926.1599305,Relaxed,261952.265625,260754.390625,322842.625,293991.25,275451.375,260698.0625,238067.640625,273496.0625
1771506926.1599305,Relaxed,261949.84375,260754.75,322841.28125,293989.75,275454.34375,260699.578125,238070.234375,273499.09375
1771506926.1836996,Relaxed,261942.703125,260746.171875,322831.53125,293978.84375,275451.125,260696.28125,238062.546875,273501.40625
1771506926.1836996,Relaxed,261943.140625,260744.90625,322829.65625,293974.0,275450.9375,260696.71875,238060.75,273507.5
1771506926.1836996,Relaxed,261947.53125,260751.171875,322830.28125,293978.65625,275449.3125,260693.6875,238065.40625,273504.28125
1771506926.1836996,Relaxed,261941.265625,260747.234375,322818.46875,293972.75,275439.03125,260683.484375,238061.203125,273493.625
1771506926.1836996,Relaxed,261951.015625,260755.46875,322825.625,293981.34375,275447.625,260693.234375,238071.484375,273499.71875
1771506926.1836996,Relaxed,261953.609375,260754.484375,322828.125,293973.5625,275445.5625,260693.59375,238063.34375,273501.21875
1771506926.1836996,Relaxed,261950.75,260748.21875,322818.3125,293963.71875,275434.46875,260686.625,238047.609375,273488.71875
1771506926.2080112,Relaxed,261947.796875,260746.703125,322809.4375,293966.40625,275434.5625,260683.84375,238052.890625,273496.9375
1771506926.2080112,Relaxed,261945.109375,260742.234375,322803.625,293959.25,275429.46875,260677.046875,238052.171875,273492.5625
1771506926.2080112,Relaxed,261946.28125,260740.359375,322802.125,293951.84375,275429.21875,260671.234375,238048.234375,273489.0625
1771506926.2080112,Relaxed,261952.171875,260742.671875,322804.34375,293957.8125,275442.53125,260673.75,238053.6875,273501.40625
1771506926.2080112,Relaxed,261957.453125,260750.8125,322804.71875,293967.75,275449.9375,260682.15625,238062.8125,273511.0625
1771506926.2080112,Relaxed,261958.171875,260755.109375,322804.0,293965.96875,275439.84375,260684.921875,238059.40625,273505.4375
1771506926.232415,Relaxed,261954.328125,260751.890625,322804.71875,293954.40625,275431.875,260686.265625,238051.453125,273496.3125
1771506926.232415,Relaxed,261954.40625,260750.90625,322804.0,293956.21875,275431.625,260685.1875,238052.265625,273497.84375
1771506926.232415,Relaxed,261950.203125,260747.328125,322797.375,293952.1875,275428.65625,260679.015625,238045.203125,273494.71875
1771506926.232415,Relaxed,261951.1875,260746.96875,322798.1875,293945.21875,275426.875,260678.484375,238037.5,273492.90625
1771506926.232415,Relaxed,261951.8125,260748.21875,322796.40625,293944.5,275425.90625,260679.734375,238042.609375,273496.21875
1771506926.2605078,Relaxed,261952.4375,260748.21875,322793.0,293944.125,275424.375,260679.109375,238046.09375,273490.5
1771506926.2605078,Relaxed,261956.109375,260751.265625,322792.03125,293948.625,275431.71875,260682.953125,238053.59375,273493.53125
1771506926.2605078,Relaxed,261959.0625,260753.234375,322789.96875,293953.625,275437.96875,260684.5625,238054.765625,273497.75
1771506926.2605078,Relaxed,261957.09375,260751.703125,322783.34375,293952.8125,275437.6875,260681.609375,238054.40625,273494.875
1771506926.2605078,Relaxed,261950.390625,260746.875,322772.71875,293944.5,275433.9375,260681.796875,238054.40625,273489.96875
1771506926.2605078,Relaxed,261952.625,260751.4375,322779.0625,293941.625,275440.1875,260691.890625,238062.0,273492.125
1771506926.2605078,Relaxed,261956.015625,260753.3125,322783.0,293942.1875,275445.46875,260697.609375,238066.109375,273497.21875
1771506926.2918935,Relaxed,261961.03125,260753.140625,322781.8125,293944.6875,275454.25,260701.375,238070.046875,273503.03125
1771506926.2918935,Relaxed,261959.78125,260749.5625,322777.8125,293940.75,275459.15625,260700.75,238069.328125,273503.90625
1771506926.2918935,Relaxed,261957.625,260749.921875,322756.53125,293937.34375,275455.3125,260693.421875,238066.75,273508.28125
1771506926.2918935,Relaxed,261949.578125,260746.34375,322741.25,293930.46875,275446.71875,260689.390625,238063.34375,273502.65625
1771506926.3091726,Relaxed,261959.78125,260754.125,322754.46875,293936.0,275450.3125,260694.578125,238066.03125,273507.9375
1771506926.3091726,Relaxed,261961.03125,260751.34375,322754.09375,293930.46875,275446.1875,260689.5625,238058.96875,273506.25
1771506926.3091726,Relaxed,261957.453125,260748.84375,322751.0625,293925.71875,275444.84375,260688.40625,238056.90625,273505.71875
1771506926.3312125,Relaxed,261957.890625,260752.6875,322757.59375,293925.71875,275446.5625,260691.71875,238059.953125,273507.9375
1771506926.3312125,Relaxed,261958.25,260753.9375,322754.09375,293924.65625,275441.8125,260685.453125,238055.5625,273505.15625
1771506926.3312125,Relaxed,261960.3125,260755.828125,322755.4375,293924.90625,275441.09375,260685.375,238054.671875,273506.25
1771506926.3312125,Relaxed,261967.828125,260761.625,322762.0625,293928.40625,275444.84375,260690.828125,238058.25,273511.34375
1771506926.3312125,Relaxed,261968.359375,260761.546875,322759.46875,293929.21875,275442.15625,260687.6875,238057.359375,273505.625
1771506926.3312125,Relaxed,261973.90625,260764.765625,322759.28125,293933.15625,275441.625,260688.59375,238058.515625,273505.25
1771506926.3312125,Relaxed,261972.828125,260764.84375,322758.5,293930.28125,275439.84375,260687.15625,238058.0625,273505.625
1771506926.3312125,Relaxed,261963.34375,260758.0625,322750.1875,293921.96875,275431.875,260680.546875,238048.859375,273495.59375
1771506926.3312125,Relaxed,261962.09375,260757.703125,322749.8125,293918.75,275430.375,260680.359375,238043.765625,273495.78125
1771506926.3312125,Relaxed,261959.0625,260754.5625,322742.84375,293912.59375,275428.9375,260676.25,238041.0,273495.96875
1771506926.3312125,Relaxed,261963.078125,260760.296875,322748.125,293918.125,275437.4375,260683.40625,238050.46875,273500.78125
1771506926.369985,Relaxed,261960.484375,260761.359375,322751.875,293914.53125,275441.90625,260687.875,238055.828125,273503.65625
1771506926.369985,Relaxed,261952.4375,260754.125,322740.25,293907.3125,275438.40625,260684.46875,238051.546875,273502.3125
1771506926.369985,Relaxed,261953.78125,260752.328125,322738.28125,293908.8125,275443.34375,260688.3125,238055.203125,273505.71875
1771506926.369985,Relaxed,261939.75,260738.828125,322725.78125,293895.875,275439.5625,260682.5,238048.6875,273503.5625
1771506926.369985,Relaxed,261935.546875,260736.328125,322719.5,293891.84375,275441.8125,260680.0,238052.171875,273507.5
1771506926.369985,Relaxed,261934.828125,260738.390625,322722.8125,293891.125,275446.46875,260680.984375,238057.625,273509.09375
1771506926.369985,Relaxed,261929.28125,260735.609375,322720.65625,293888.15625,275447.8125,260681.25,238058.0625,273510.53125
1771506926.369985,Relaxed,261927.59375,260733.921875,322714.0625,293885.9375,275448.59375,260684.921875,238056.640625,273511.96875
1771506926.369985,Relaxed,261926.34375,260733.640625,322704.21875,293883.34375,275447.8125,260685.015625,238054.859375,273512.15625
1771506926.369985,Relaxed,261920.96875,260733.015625,322701.28125,293880.65625,275445.75,260682.234375,238055.484375,273513.40625
1771506926.3936732,Relaxed,261909.4375,260723.453125,322692.5,293867.78125,275434.75,260673.125,238044.84375,273502.3125
1771506926.3936732,Relaxed,261912.296875,260725.421875,322690.90625,293867.6875,275436.8125,260674.734375,238046.453125,273506.25
1771506926.3936732,Relaxed,261910.25,260724.703125,322686.875,293867.4375,275435.71875,260674.546875,238044.5625,273506.40625
1771506926.3936732,Relaxed,261910.0625,260725.15625,322685.8125,293869.03125,275435.8125,260676.421875,238046.265625,273506.59375
1771506926.3936732,Relaxed,261903.8125,260719.34375,322683.125,293857.875,275432.15625,260674.453125,238042.78125,273508.21875
1771506926.3936732,Relaxed,261896.390625,260708.609375,322672.5625,293845.0625,275420.34375,260662.390625,238034.109375,273496.21875
1771506926.4255128,Relaxed,261906.75,260715.046875,322677.5625,293852.40625,275422.78125,260664.265625,238037.953125,273494.34375
1771506926.4255128,Relaxed,261911.140625,260716.921875,322676.875,293853.21875,275424.46875,260667.484375,238036.34375,273497.46875
1771506926.4255128,Relaxed,261914.09375,260716.65625,322674.53125,293851.6875,275421.0625,260666.59375,238032.140625,273496.84375
1771506926.4255128,Relaxed,261918.015625,260720.0625,322678.125,293853.40625,275418.375,260664.984375,238034.46875,273490.59375
1771506926.4255128,Relaxed,261923.203125,260726.859375,322686.59375,293854.1875,275420.53125,260669.8125,238041.0,273489.78125
1771506926.4255128,Relaxed,261919.625,260722.296875,322676.0625,293847.125,275412.03125,260661.40625,238030.796875,273488.53125
1771506926.4255128,Relaxed,261919.71875,260719.515625,322671.5,293846.59375,275407.125,260657.828125,238022.75,273480.3125
1771506926.4499307,Relaxed,261916.6875,260717.546875,322667.65625,293843.28125,275405.0625,260657.390625,238015.953125,273484.15625
1771506926.4499307,Relaxed,261912.484375,260717.828125,322666.84375,293839.09375,275404.25,260655.15625,238016.578125,273478.625
1771506926.4499307,Relaxed,261920.078125,260728.28125,322674.4375,293849.71875,275412.21875,260662.125,238028.390625,273481.46875
1771506926.4499307,Relaxed,261918.109375,260727.125,322669.875,293844.90625,275413.5625,260662.390625,238028.484375,273483.1875
1771506926.4499307,Relaxed,261914.0,260721.9375,322659.59375,293837.03125,275413.375,260660.15625,238026.234375,273484.15625
1771506926.4499307,Relaxed,261915.34375,260727.203125,322661.3125,293841.21875,275423.5625,260668.734375,238035.265625,273492.90625
1771506926.4499307,Relaxed,261920.96875,260736.15625,322670.0625,293846.5,275436.0,260680.359375,238048.140625,273503.03125
1771506926.4499307,Relaxed,261907.296875,260724.703125,322655.3125,293836.03125,275428.75,260670.078125,238042.953125,273496.125
1771506926.472494,Relaxed,261903.53125,260720.140625,322650.84375,293827.71875,275425.0,260665.609375,238040.546875,273485.3125
1771506926.472494,Relaxed,261908.1875,260722.203125,322651.8125,293828.09375,275430.0,260670.4375,238041.171875,273499.0
1771506926.472494,Relaxed,261904.703125,260718.0,322646.46875,293825.84375,275429.28125,260668.203125,238040.09375,273503.46875
1771506926.472494,Relaxed,261904.515625,260718.890625,322642.71875,293826.375,275428.9375,260666.859375,238043.046875,273500.78125
1771506926.472494,Relaxed,261897.90625,260712.90625,322635.1875,293820.65625,275423.03125,260658.453125,238039.921875,273496.3125
1771506926.4955232,Relaxed,261894.859375,260708.875,322633.0625,293812.875,275419.90625,260656.046875,238034.109375,273492.1875
1771506926.4955232,Relaxed,261906.21875,260717.109375,322643.0625,293818.96875,275428.84375,260665.875,238041.984375,273500.25
1771506926.4955232,Relaxed,261901.921875,260710.140625,322630.375,293816.65625,275422.6875,260656.125,238037.59375,273497.125
1771506926.4955232,Relaxed,261904.171875,260711.828125,322629.46875,293818.0,275423.03125,260657.390625,238039.65625,273494.09375
1771506926.4955232,Relaxed,261906.671875,260715.046875,322632.875,293812.875,275424.8125,260661.234375,238037.78125,273496.6875
1771506926.5224638,Relaxed,261909.96875,260717.546875,322634.40625,293811.8125,275424.90625,260663.28125,238035.1875,273494.875
1771506926.5224638,Relaxed,261913.546875,260719.96875,322633.40625,293816.90625,275427.40625,260666.859375,238040.640625,273496.40625
1771506926.5224638,Relaxed,261910.953125,260713.4375,322630.71875,293805.125,275416.0625,260661.046875,238024.0,273485.40625
1771506926.5224638,Relaxed,261914.625,260716.03125,322629.125,293804.5625,275412.40625,260658.28125,238023.375,273487.28125
1771506926.5224638,Relaxed,261910.0625,260712.015625,322622.6875,293799.5625,275405.6875,260652.828125,238021.328125,273485.6875
1771506926.5224638,Relaxed,261915.078125,260714.875,322625.90625,293804.40625,275404.25,260654.25,238021.328125,273485.84375
1771506926.5224638,Relaxed,261920.53125,260716.65625,322628.03125,293803.6875,275405.78125,260657.390625,238019.53125,273492.03125
1771506926.5450575,Relaxed,261913.1875,260708.171875,322615.34375,293792.59375,275400.15625,260651.125,238013.71875,273490.25
1771506926.5450575,Relaxed,261903.8125,260701.46875,322608.46875,293784.8125,275392.90625,260644.78125,238006.84375,273484.15625
1771506926.5450575,Relaxed,261904.171875,260706.640625,322612.3125,293785.1875,275394.78125,260648.0,238008.1875,273483.09375
1771506926.5450575,Relaxed,261901.21875,260707.90625,322610.6875,293781.0625,275397.03125,260651.125,238008.0,273482.8125
1771506926.5450575,Relaxed,261903.984375,260712.640625,322612.40625,293782.65625,275404.34375,260659.265625,238010.859375,273490.9375
1771506926.5450575,Relaxed,261906.3125,260715.5,322614.625,293786.25,275410.96875,260666.40625,238014.0,273498.1875
1771506926.5450575,Relaxed,261903.1875,260715.9375,322613.75,293785.0,275412.40625,260667.484375,238017.390625,273496.3125
1771506926.5693414,Relaxed,261903.09375,260718.890625,322610.625,293788.03125,275413.375,260666.859375,238021.5,273485.40625
1771506926.5693414,Relaxed,261906.84375,260723.984375,322611.78125,293796.25,275423.65625,260671.953125,238034.640625,273492.65625
1771506926.5693414,Relaxed,261908.90625,260726.9375,322606.78125,293799.5625,275430.28125,260676.34375,238038.125,273498.8125
1771506926.5693414,Relaxed,261898.359375,260719.34375,322592.09375,293788.9375,275426.96875,260669.28125,238036.34375,273498.8125
1771506926.5693414,Relaxed,261901.390625,260724.890625,322600.25,293791.4375,275430.90625,260670.796875,238043.765625,273504.71875
1771506926.6012115,Relaxed,261902.46875,260725.421875,322597.375,293792.875,275428.125,260666.234375,238048.859375,273492.84375
1771506926.6012115,Relaxed,261893.171875,260713.4375,322576.625,293783.375,275413.8125,260650.953125,238036.796875,273487.375
1771506926.6012115,Relaxed,261897.375,260713.703125,322572.25,293783.375,275411.40625,260647.109375,238032.328125,273490.5
1771506926.6012115,Relaxed,261905.953125,260719.609375,322577.25,293787.6875,275416.0625,260651.296875,238040.1875,273494.875
1771506926.6012115,Relaxed,261910.59375,260720.234375,322578.96875,293787.15625,275414.1875,260652.734375,238038.765625,273498.625
1771506926.6012115,Relaxed,261913.8125,260719.515625,322578.96875,293782.9375,275412.21875,260654.609375,238036.515625,273501.78125
1771506926.6012115,Relaxed,261915.421875,260720.234375,322581.09375,293779.625,275411.6875,260654.703125,238033.75,273497.84375
1771506926.6012115,Relaxed,261920.53125,260724.53125,322583.875,293782.75,275415.4375,260658.28125,238033.21875,273500.78125
1771506926.619961,Relaxed,261924.640625,260727.84375,322586.125,293783.21875,275420.96875,260664.796875,238033.03125,273504.1875
1771506926.619961,Relaxed,261922.84375,260726.859375,322585.5625,293777.84375,275421.34375,260666.859375,238030.796875,273497.5625
1771506926.619961,Relaxed,261933.40625,260736.328125,322595.3125,293783.21875,275435.03125,260680.359375,238041.265625,273506.40625
1771506926.619961,Relaxed,261940.46875,260742.328125,322599.25,293785.34375,275440.84375,260686.078125,238046.53125,273507.65625
1771506926.6537118,Relaxed,261943.5,260746.34375,322600.59375,293788.75,275444.75,260689.921875,238046.984375,273511.59375
1771506926.6537118,Relaxed,261950.03125,260750.453125,322604.25,293794.125,275448.4375,260696.359375,238050.375,273516.6875
1771506926.6537118,Relaxed,261949.84375,260747.953125,322599.625,293792.59375,275442.15625,260691.984375,238049.390625,273512.40625
1771506926.6537118,Relaxed,261946.8125,260743.9375,322593.90625,293787.21875,275433.40625,260685.09375,238042.609375,273505.0
1771506926.6537118,Relaxed,261943.859375,260740.4375,322588.34375,293780.875,275427.59375,260681.171875,238035.890625,273501.78125
1771506926.6787176,Relaxed,261947.609375,260740.171875,322583.6875,293780.53125,275426.625,260678.03125,238035.0,273500.25
1771506926.6787176,Relaxed,261947.078125,260737.671875,322578.0625,293779.1875,275423.84375,260674.546875,238030.796875,273498.625
1771506926.6787176,Relaxed,261944.484375,260735.609375,322576.09375,293775.34375,275419.375,260671.421875,238028.5625,273494.71875
1771506926.6787176,Relaxed,261943.6875,260737.140625,322576.90625,293773.1875,275418.3125,260671.6875,238032.046875,273492.84375
1771506926.6787176,Relaxed,261951.546875,260744.5625,322582.71875,293781.25,275421.875,260674.90625,238037.6875,273489.4375
1771506926.6787176,Relaxed,261951.734375,260743.296875,322578.34375,293781.40625,275421.25,260670.53125,238036.171875,273492.1875
1771506926.6787176,Relaxed,261941.453125,260735.25,322565.625,293774.96875,275417.40625,260663.734375,238033.578125,273493.28125
1771506926.6787176,Relaxed,261934.390625,260730.875,322563.75,293767.28125,275417.125,260663.640625,238032.5,273494.34375
1771506926.6787176,Relaxed,261932.59375,260730.703125,322561.875,293762.8125,275421.875,260668.375,238037.0625,273501.59375
1771506926.6787176,Relaxed,261933.578125,260733.375,322558.3125,293763.34375,275428.75,260673.75,238041.53125,273509.375
1771506926.6787176,Relaxed,261939.5625,260738.46875,322560.53125,293765.25,275432.34375,260674.640625,238042.25,273504.53125
1771506926.705004,Relaxed,261936.078125,260733.46875,322548.90625,293761.3125,275427.875,260665.703125,238040.375,273500.53125
1771506926.705004,Relaxed,261937.6875,260735.4375,322547.75,293764.78125,275431.0,260667.046875,238045.109375,273501.84375
1771506926.705004,Relaxed,261943.953125,260743.65625,322554.71875,293771.59375,275436.34375,260670.171875,238053.78125,273505.0
1771506926.705004,Relaxed,261936.890625,260736.78125,322544.0,293762.8125,275427.96875,260659.703125,238046.8125,273501.9375
1771506926.705004,Relaxed,261940.015625,260735.609375,322535.78125,293763.90625,275426.78125,260657.65625,238044.84375,273504.8125
1771506926.705004,Relaxed,261938.9375,260733.375,322528.71875,293762.375,275424.375,260655.421875,238043.859375,273500.0625
1771506926.7400422,Relaxed,261936.0,260731.40625,322522.46875,293757.90625,275418.03125,260648.4375,238036.171875,273496.6875
1771506926.7400422,Relaxed,261931.078125,260726.234375,322515.65625,293747.71875,275409.09375,260640.03125,238026.515625,273491.125
1771506926.7400422,Relaxed,261928.578125,260722.375,322513.15625,293740.65625,275406.75,260639.328125,238023.375,273491.84375
1771506926.7400422,Relaxed,261931.875,260722.734375,322512.34375,293742.53125,275409.8125,260642.28125,238024.28125,273493.90625
1771506926.7400422,Relaxed,261934.734375,260724.171875,322515.9375,293742.4375,275410.53125,260643.96875,238023.921875,273491.84375
1771506926.7400422,Relaxed,261936.0,260730.609375,322527.0,293742.34375,275413.65625,260651.75,238026.6875,273490.5
1771506926.7400422,Relaxed,261937.953125,260734.71875,322530.9375,293744.75,275416.15625,260658.015625,238030.984375,273493.8125
1771506926.7400422,Relaxed,261933.84375,260728.640625,322527.09375,293738.9375,275410.4375,260658.09375,238023.109375,273490.78125
1771506926.7400422,Relaxed,261941.890625,260733.46875,322533.28125,293743.15625,275412.40625,260664.53125,238020.96875,273487.5625
1771506926.7400422,Relaxed,261944.3125,260732.484375,322529.53125,293737.78125,275407.375,260659.4375,238014.796875,273480.84375
1771506926.7820828,Relaxed,261947.796875,260736.15625,322530.21875,293736.71875,275410.6875,260664.359375,238017.5625,273486.65625
1771506926.814317,Relaxed,261945.015625,260735.078125,322525.75,293733.59375,275408.90625,260660.6875,238017.5625,273475.3125
1771506926.814317,Relaxed,261953.421875,260743.9375,322531.65625,293741.53125,275419.71875,260670.171875,238025.4375,273482.28125
1771506926.814317,Relaxed,261956.5625,260748.578125,322532.8125,293746.375,275430.53125,260677.5,238030.796875,273495.15625
1771506926.814317,Relaxed,261960.765625,260753.9375,322536.65625,293751.375,275440.46875,260685.8125,238038.125,273505.0
1771506926.814317,Relaxed,261968.890625,260768.515625,322551.15625,293762.5625,275456.5625,260699.578125,238057.53125,273517.875
1771506926.814317,Relaxed,261972.828125,260776.46875,322559.28125,293767.84375,275463.1875,260704.5,238067.90625,273521.4375
1771506926.814317,Relaxed,261974.171875,260776.734375,322558.40625,293768.46875,275464.34375,260704.59375,238071.65625,273524.46875
1771506926.814317,Relaxed,261975.0625,260772.984375,322552.9375,293764.78125,275462.28125,260702.0,238068.703125,273526.625
1771506926.814317,Relaxed,261965.3125,260761.359375,322534.25,293752.375,275454.34375,260692.25,238060.3125,273525.8125
1771506926.814317,Relaxed,261959.859375,260754.5625,322521.90625,293744.9375,275448.34375,260684.46875,238057.09375,273523.59375
1771506926.814317,Relaxed,261946.09375,260739.015625,322503.9375,293731.96875,275433.21875,260667.75,238048.234375,273516.625
1771506926.814317,Relaxed,261933.21875,260724.96875,322489.71875,293718.21875,275420.875,260657.65625,238037.6875,273512.59375
1771506926.814317,Relaxed,261930.546875,260721.21875,322483.5625,293713.125,275416.40625,260654.4375,238033.9375,273504.53125
1771506926.814317,Relaxed,261929.640625,260718.1875,322476.78125,293709.0,275408.1875,260646.921875,238024.09375,273494.0
1771506926.8367598,Relaxed,261926.0625,260715.765625,322472.21875,293704.875,275407.125,260643.703125,238022.21875,273494.4375
1771506926.8367598,Relaxed,261925.078125,260716.65625,322475.15625,293705.25,275407.375,260645.140625,238023.46875,273493.09375
1771506926.8367598,Relaxed,261918.375,260710.40625,322467.1875,293697.28125,275400.6875,260639.5,238015.328125,273483.875
1771506926.8367598,Relaxed,261920.890625,260712.09375,322462.8125,293699.625,275405.34375,260645.3125,238016.234375,273490.6875
1771506926.8367598,Relaxed,261921.234375,260713.078125,322462.375,293699.4375,275407.5625,260649.15625,238016.234375,273493.71875
1771506926.8367598,Relaxed,261915.96875,260710.046875,322459.6875,293691.5625,275403.28125,260647.015625,238011.578125,273487.28125
1771506926.8367598,Relaxed,261922.671875,260719.96875,322466.75,293696.84375,275409.1875,260655.953125,238019.0,273490.6875
1771506926.8367598,Relaxed,261924.546875,260724.53125,322470.59375,293700.59375,275412.75,260663.90625,238024.0,273500.6875
1771506926.8599622,Relaxed,261929.734375,260724.96875,322471.125,293702.65625,275412.9375,260669.0,238021.953125,273500.96875
1771506926.8599622,Relaxed,261927.140625,260720.421875,322460.0625,293698.8125,275408.46875,260662.921875,238018.1875,273493.375
1771506926.8599622,Relaxed,261926.78125,260721.40625,322460.59375,293697.1875,275408.65625,260662.65625,238019.171875,273494.53125
1771506926.8599622,Relaxed,261928.03125,260724.265625,322463.28125,293700.25,275412.84375,260666.140625,238025.34375,273500.34375
1771506926.8599622,Relaxed,261922.40625,260722.109375,322456.21875,293701.84375,275416.25,260663.734375,238029.109375,273501.84375
1771506926.8599622,Relaxed,261927.765625,260723.71875,322455.59375,293703.8125,275420.34375,260658.375,238028.921875,273493.71875
1771506926.8823938,Relaxed,261943.6875,260735.25,322468.625,293708.09375,275436.4375,260673.03125,238041.171875,273504.4375
1771506926.8823938,Relaxed,261934.203125,260728.640625,322461.21875,293700.25,275430.53125,260668.109375,238039.5625,273496.75
1771506926.8823938,Relaxed,261925.078125,260721.578125,322450.40625,293692.28125,275424.09375,260661.5,238038.671875,273495.40625
1771506926.8823938,Relaxed,261921.6875,260716.125,322443.0625,293685.9375,275420.71875,260658.09375,238035.453125,273497.5625
1771506926.8823938,Relaxed,261921.6875,260714.609375,322443.0625,293687.625,275424.28125,260661.234375,238038.671875,273500.96875
1771506926.8823938,Relaxed,261917.75,260710.40625,322438.59375,293683.25,275424.28125,260662.390625,238036.171875,273505.71875
1771506926.8976626,Relaxed,261917.9375,260705.9375,322435.28125,293676.625,275418.46875,260656.671875,238030.984375,273497.21875
1771506926.8976626,Relaxed,261921.6875,260708.34375,322439.9375,293674.5,275419.375,260659.796875,238031.25,273504.375
1771506926.8976626,Relaxed,261922.9375,260710.40625,322438.875,293673.875,275420.09375,260659.890625,238031.875,273508.21875
1771506926.9275386,Relaxed,261931.796875,260715.3125,322442.625,293679.40625,275422.15625,260660.609375,238031.25,273504.71875
1771506926.9275386,Relaxed,261926.78125,260706.734375,322428.59375,293670.90625,275415.0,260648.984375,238022.84375,273500.34375
1771506926.9275386,Relaxed,261926.0625,260704.140625,322420.4375,293665.0,275411.25,260642.984375,238019.53125,273498.71875
1771506926.9275386,Relaxed,261929.28125,260705.65625,322416.875,293664.65625,275408.46875,260642.984375,238018.734375,273494.25
1771506926.9275386,Relaxed,261928.84375,260703.78125,322413.03125,293662.78125,275405.6875,260642.0,238016.140625,273496.3125
1771506926.9275386,Relaxed,261936.0,260708.25,322416.40625,293665.375,275407.125,260644.15625,238013.546875,273490.9375
1771506926.9275386,Relaxed,261939.75,260710.40625,322417.5,293666.53125,275410.96875,260648.265625,238013.359375,273497.65625
1771506926.9275386,Relaxed,261943.140625,260714.25,322419.5625,293667.6875,275414.0,260649.78125,238019.359375,273494.4375
1771506926.9511564,Relaxed,261943.59375,260713.703125,322422.21875,293663.40625,275410.96875,260649.96875,238014.171875,273494.71875
1771506926.9511564,Relaxed,261947.796875,260716.84375,322425.625,293662.40625,275413.8125,260655.15625,238014.265625,273496.3125
1771506926.9511564,Relaxed,261952.09375,260720.421875,322424.28125,293664.46875,275416.6875,260655.59375,238013.453125,273500.96875
1771506926.9511564,Relaxed,261957.359375,260727.125,322433.6875,293668.21875,275425.53125,260665.4375,238018.28125,273512.59375
1771506926.9511564,Relaxed,261950.5625,260722.5625,322433.75,293661.15625,275421.6875,260661.765625,238012.390625,273501.5
1771506926.9511564,Relaxed,261945.015625,260718.71875,322425.375,293657.21875,275416.0625,260656.671875,238009.515625,273488.8125
1771506926.9669285,Relaxed,261948.234375,260726.046875,322428.03125,293667.4375,275424.75,260664.265625,238023.109375,273499.53125
1771506926.9669285,Relaxed,261940.828125,260720.5,322420.71875,293666.09375,275421.4375,260660.609375,238020.703125,273497.9375
1771506926.9669285,Relaxed,261938.234375,260718.625,322416.6875,293667.78125,275422.40625,260660.0625,238024.359375,273501.6875
1771506926.9942923,Relaxed,261936.0,260716.75,322415.0625,293665.90625,275421.59375,260659.625,238028.390625,273500.6875
1771506926.9942923,Relaxed,261940.90625,260723.71875,322421.6875,293671.0,275429.03125,260666.40625,238038.84375,273503.90625
1771506926.9942923,Relaxed,261933.9375,260721.84375,322416.5,293666.96875,275431.71875,260668.375,238041.0,273510.53125
1771506926.9942923,Relaxed,261925.265625,260718.625,322408.71875,293660.09375,275431.96875,260665.875,238038.484375,273513.3125
1771506926.9942923,Relaxed,261928.9375,260720.859375,322411.0625,293658.03125,275435.28125,260666.953125,238040.28125,273515.53125
1771506926.9942923,Relaxed,261926.609375,260717.46875,322408.5625,293650.25,275431.4375,260663.1875,238036.609375,273508.84375
1771506926.9942923,Relaxed,261930.984375,260722.03125,322411.15625,293651.5,275437.0625,260669.0,238044.125,273515.0
1771506927.0157912,Relaxed,261932.328125,260722.375,322412.03125,293652.84375,275441.0,260672.21875,238047.78125,273520.8125
1771506927.0157912,Relaxed,261934.203125,260723.09375,322409.4375,293655.96875,275446.8125,260676.421875,238051.453125,273527.4375
1771506927.0157912,Relaxed,261936.4375,260724.703125,322406.125,293658.84375,275450.5625,260680.0,238053.59375,273530.75
1771506927.0157912,Relaxed,261933.671875,260721.125,322399.34375,293649.90625,275441.8125,260670.890625,238045.46875,273519.125
1771506927.038751,Relaxed,261930.546875,260719.15625,322398.4375,293643.1875,275435.5625,260664.453125,238040.8125,273510.4375
1771506927.038751,Relaxed,261934.65625,260724.078125,322400.5,293647.21875,275442.0,260670.34375,238046.53125,273520.46875
1771506927.038751,Relaxed,261936.96875,260722.828125,322394.25,293652.59375,275443.5,260669.1875,238046.171875,273523.3125
1771506927.038751,Relaxed,261943.140625,260723.28125,322394.34375,293655.8125,275440.46875,260667.3125,238043.3125,273512.15625
1771506927.038751,Relaxed,261939.84375,260718.625,322389.875,293646.15625,275435.28125,260662.03125,238039.203125,273512.15625
1771506927.038751,Relaxed,261942.609375,260719.4375,322390.65625,293642.125,275434.65625,260663.28125,238043.3125,273512.40625
1771506927.038751,Relaxed,261946.90625,260721.40625,322395.0625,293640.78125,275435.90625,260671.328125,238042.875,273518.5625
1771506927.038751,Relaxed,261943.5,260713.078125,322382.25,293631.125,275420.34375,260657.828125,238021.40625,273510.625
1771506927.08167,Relaxed,261953.421875,260717.109375,322384.15625,293633.09375,275416.15625,260653.09375,238015.515625,273504.28125
1771506927.08167,Relaxed,261962.28125,260722.921875,322390.75,293637.65625,275417.125,260656.484375,238018.28125,273508.125
1771506927.08167,Relaxed,261965.234375,260723.28125,322396.125,293637.84375,275417.40625,260661.671875,238017.84375,273512.15625
1771506927.08167,Relaxed,261961.390625,260718.71875,322392.71875,293632.09375,275414.28125,260659.4375,238014.625,273502.125
1771506927.08167,Relaxed,261963.703125,260718.625,322388.96875,293628.25,275413.125,260659.703125,238008.625,273494.625
1771506927.1068544,Relaxed,261957.1875,260715.5,322380.9375,293626.125,275410.59375,260656.765625,238005.140625,273492.375
1771506927.1068544,Relaxed,261967.90625,260729.890625,322396.46875,293643.46875,275425.0,260673.125,238023.203125,273506.34375
1771506927.1068544,Relaxed,261967.46875,260733.375,322399.25,293644.8125,275427.5,260673.484375,238032.40625,273502.3125
1771506927.1068544,Relaxed,261959.859375,260729.890625,322393.34375,293637.21875,275426.96875,260671.0625,238031.6875,273506.34375
1771506927.1068544,Relaxed,261965.5,260737.5,322397.65625,293643.1875,275438.0625,260680.0,238041.265625,273512.40625
1771506927.1068544,Relaxed,261959.5,260728.546875,322387.09375,293635.875,275428.84375,260668.296875,238029.90625,273496.9375
1771506927.1068544,Relaxed,261958.703125,260730.609375,322386.5625,293632.09375,275435.46875,260671.78125,238039.5625,273510.1875
1771506927.1068544,Relaxed,261956.5625,260735.4375,322386.03125,293631.75,275442.875,260678.65625,238052.34375,273519.28125
1771506927.1068544,Relaxed,261952.171875,260732.03125,322376.90625,293628.71875,275441.28125,260675.359375,238051.09375,273518.125
1771506927.1068544,Relaxed,261951.546875,260727.75,322371.1875,293627.09375,275440.1875,260673.484375,238047.78125,273517.59375
1771506927.1068544,Relaxed,261953.25,260732.75,322375.65625,293630.6875,275446.90625,260680.09375,238053.0625,273527.53125
1771506927.1068544,Relaxed,261950.75,260734.90625,322376.625,293628.25,275448.4375,260681.796875,238055.296875,273526.625
1771506927.1300206,Relaxed,261942.609375,260726.671875,322367.4375,293617.53125,275441.09375,260674.453125,238049.578125,273519.03125
1771506927.1300206,Relaxed,261938.5,260722.203125,322362.3125,293614.21875,275438.9375,260672.40625,238047.34375,273516.6875
1771506927.1300206,Relaxed,261943.953125,260728.8125,322368.75,293616.5625,275443.40625,260678.578125,238047.515625,273525.09375
1771506927.1300206,Relaxed,261948.328125,260731.59375,322365.1875,293616.71875,275444.125,260679.5625,238046.453125,273528.59375
1771506927.1300206,Relaxed,261951.28125,260735.25,322364.03125,293617.09375,275444.21875,260680.71875,238048.421875,273526.34375
1771506927.1300206,Relaxed,261948.234375,260733.921875,322362.0625,293613.15625,275440.75,260677.5,238048.328125,273524.65625
1771506927.1300206,Relaxed,261944.046875,260730.96875,322357.84375,293606.625,275437.6875,260673.390625,238044.390625,273523.6875
1771506927.1523974,Relaxed,261953.78125,260736.59375,322359.75,293612.34375,275440.65625,260675.71875,238045.828125,273526.4375
1771506927.1523974,Relaxed,261966.390625,260746.4375,322365.46875,293621.125,275447.4375,260682.5,238050.828125,273532.09375
1771506927.1523974,Relaxed,261961.828125,260743.21875,322360.53125,293615.3125,275440.75,260676.25,238044.921875,273524.84375
1771506927.1523974,Relaxed,261956.015625,260737.5,322355.1875,293604.125,275428.75,260668.921875,238032.859375,273511.5
1771506927.1523974,Relaxed,261962.546875,260743.65625,322361.625,293609.5,275431.0,260674.28125,238035.265625,273516.6875
1771506927.1749444,Relaxed,261962.1875,260740.265625,322361.34375,293606.375,275427.25,260671.421875,238029.109375,273514.5625
1771506927.1749444,Relaxed,261965.671875,260740.078125,322362.6875,293603.78125,275427.96875,260674.28125,238027.5,273516.15625
1771506927.1749444,Relaxed,261961.390625,260734.625,322355.8125,293597.78125,275423.5625,260671.6875,238023.109375,273514.71875
1771506927.1749444,Relaxed,261964.78125,260735.25,322354.09375,293597.6875,275424.375,260671.59375,238026.328125,273513.125
1771506927.1950665,Relaxed,261963.265625,260732.84375,322349.1875,293596.78125,275423.84375,260669.984375,238027.140625,273511.96875
1771506927.1950665,Relaxed,261957.359375,260727.84375,322341.84375,293591.78125,275422.59375,260670.171875,238022.84375,273514.28125
1771506927.1950665,Relaxed,261954.234375,260726.859375,322339.71875,293589.09375,275426.34375,260674.28125,238024.546875,273520.1875
1771506927.1950665,Relaxed,261960.40625,260735.890625,322346.9375,293596.96875,275437.25,260683.40625,238037.328125,273527.25
1771506927.1950665,Relaxed,261959.0625,260740.796875,322351.5,293596.53125,275443.25,260687.328125,238047.4375,273532.4375
1771506927.2229273,Relaxed,261951.8125,260737.671875,322346.0625,293595.375,275444.59375,260686.4375,238049.75,273535.125
1771506927.2229273,Relaxed,261944.578125,260721.84375,322326.21875,293585.53125,275432.96875,260672.578125,238038.40625,273527.78125
1771506927.2229273,Relaxed,261946.546875,260721.75,322323.0625,293584.28125,275434.84375,260672.3125,238041.171875,273532.25
1771506927.2229273,Relaxed,261939.65625,260721.21875,322318.6875,293581.59375,275432.96875,260668.828125,238043.234375,273525.46875
1771506927.2229273,Relaxed,261942.609375,260727.921875,322322.09375,293583.84375,275434.5625,260670.4375,238042.609375,273519.75
1771506927.2229273,Relaxed,261939.75,260725.25,322313.96875,293581.3125,275430.46875,260667.046875,238037.234375,273515.53125
1771506927.2229273,Relaxed,261933.484375,260717.828125,322300.375,293573.28125,275425.90625,260660.953125,238032.59375,273516.25
1771506927.2505193,Relaxed,261947.078125,260728.546875,322310.125,293581.875,275434.65625,260668.828125,238039.65625,273529.65625
1771506927.2505193,Relaxed,261945.5625,260726.3125,322303.9375,293577.65625,275427.96875,260660.78125,238034.734375,273517.3125
1771506927.2505193,Relaxed,261954.953125,260735.890625,322307.78125,293584.625,275432.875,260664.71875,238043.765625,273515.28125
1771506927.2505193,Relaxed,261964.609375,260745.890625,322309.3125,293591.78125,275437.96875,260667.671875,238049.390625,273524.84375
1771506927.2505193,Relaxed,261956.015625,260734.984375,322292.0625,293581.3125,275425.28125,260653.71875,238034.109375,273516.25
1771506927.2505193,Relaxed,261962.8125,260740.359375,322295.0,293588.65625,275428.21875,260658.1875,238036.96875,273513.40625
1771506927.2962627,Relaxed,261960.40625,260737.40625,322294.28125,293583.75,275422.40625,260653.0,238031.609375,273505.875
1771506927.2962627,Relaxed,261951.375,260727.5625,322289.90625,293571.125,275413.1875,260646.921875,238024.28125,273502.3125
1771506927.2962627,Relaxed,261944.3125,260717.90625,322280.96875,293558.875,275406.21875,260644.0625,238013.09375,273504.4375
1771506927.2962627,Relaxed,261947.078125,260718.53125,322283.28125,293558.34375,275410.53125,260650.671875,238014.96875,273511.6875
1771506927.2962627,Relaxed,261953.78125,260723.8125,322290.96875,293559.59375,275417.59375,260661.234375,238018.015625,273519.21875
1771506927.2962627,Relaxed,261956.015625,260728.90625,322291.34375,293562.1875,275422.9375,260668.5625,238022.84375,273525.46875
1771506927.2962627,Relaxed,261950.484375,260725.78125,322289.1875,293557.0,275417.84375,260661.3125,238019.796875,273511.875
1771506927.2962627,Relaxed,261951.375,260724.265625,322288.3125,293552.71875,275416.34375,260656.765625,238017.390625,273505.25
1771506927.2962627,Relaxed,261957.359375,260726.671875,322285.15625,293553.96875,275420.09375,260659.96875,238018.015625,273511.96875
1771506927.3186922,Relaxed,261962.71875,260727.921875,322282.3125,293558.71875,275423.84375,260661.40625,238021.40625,273509.0
1771506927.3186922,Relaxed,261959.421875,260725.78125,322279.625,293558.71875,275426.0625,260660.515625,238027.140625,273512.21875
1771506927.3186922,Relaxed,261952.53125,260723.546875,322276.6875,293553.4375,275424.65625,260659.171875,238028.484375,273511.15625
1771506927.3186922,Relaxed,261956.734375,260729.265625,322281.40625,293557.375,275433.75,260667.9375,238036.078125,273520.1875
1771506927.3186922,Relaxed,261950.125,260722.46875,322268.71875,293556.46875,275433.125,260660.875,238037.15625,273522.15625
1771506927.3186922,Relaxed,261947.34375,260717.828125,322265.84375,293552.09375,275430.90625,260657.296875,238035.625,273522.25
1771506927.3186922,Relaxed,261946.28125,260717.734375,322268.8125,293548.6875,275431.96875,260661.046875,238037.234375,273529.03125
1771506927.3186922,Relaxed,261945.65625,260718.890625,322271.3125,293544.65625,275429.65625,260665.875,238035.546875,273526.71875
1771506927.3186922,Relaxed,261943.0625,260713.359375,322261.9375,293536.90625,275420.34375,260665.703125,238027.671875,273517.78125
1771506927.3186922,Relaxed,261939.484375,260709.6875,322254.15625,293536.96875,275419.375,260666.859375,238027.3125,273525.28125
1771506927.3363364,Relaxed,261940.90625,260711.03125,322251.8125,293535.28125,275425.4375,260665.96875,238028.03125,273535.65625
1771506927.3363364,Relaxed,261938.234375,260710.84375,322249.3125,293529.75,275425.625,260655.6875,238020.78125,273524.125
1771506927.3363364,Relaxed,261942.609375,260715.765625,322250.46875,293531.4375,275422.59375,260662.390625,238022.484375,273523.84375
1771506927.3363364,Relaxed,261945.828125,260717.734375,322246.1875,293532.15625,275418.125,260667.390625,238024.09375,273525.5625
1771506927.3605173,Relaxed,261940.734375,260709.421875,322232.59375,293523.9375,275406.84375,260654.4375,238009.96875,273501.59375
1771506927.3605173,Relaxed,261947.53125,260713.4375,322233.21875,293528.84375,275410.96875,260655.0625,238012.109375,273508.5625
1771506927.3605173,Relaxed,261955.75,260719.96875,322234.84375,293535.71875,275416.34375,260657.109375,238021.328125,273514.1875
1771506927.3605173,Relaxed,261957.1875,260722.65625,322236.34375,293535.8125,275417.125,260654.34375,238023.5625,273512.5
1771506927.3605173,Relaxed,261957.8125,260723.546875,322237.15625,293536.96875,275418.3125,260651.390625,238023.828125,273511.96875
1771506927.3605173,Relaxed,261949.671875,260711.75,322222.84375,293521.875,275407.5625,260640.21875,238009.34375,273499.4375
1771506927.382525,Relaxed,261948.0625,260707.90625,322220.34375,293517.40625,275403.375,260639.5,238004.25,273498.71875
1771506927.382525,Relaxed,261952.71875,260711.390625,322226.78125,293518.46875,275405.59375,260643.890625,238006.21875,273499.71875
1771506927.382525,Relaxed,261958.4375,260718.984375,322232.5,293521.96875,275414.625,260653.359375,238015.328125,273509.09375
1771506927.382525,Relaxed,261956.28125,260715.140625,322225.4375,293518.84375,275415.09375,260651.21875,238016.234375,273512.15625
1771506927.382525,Relaxed,261948.6875,260705.65625,322214.625,293507.9375,275407.125,260642.28125,238005.3125,273500.6875
1771506927.382525,Relaxed,261952.09375,260709.78125,322215.34375,293512.21875,275410.34375,260641.5625,238008.359375,273496.125
1771506927.4000654,Relaxed,261953.15625,260713.984375,322215.4375,293519.8125,275418.75,260644.515625,238023.375,273500.96875
1771506927.4000654,Relaxed,261952.0,260712.90625,322220.0,293513.375,275415.78125,260644.421875,238014.0,273494.25
1771506927.4000654,Relaxed,261947.609375,260709.234375,322217.03125,293506.03125,275414.09375,260641.296875,238009.96875,273495.875
1771506927.4000654,Relaxed,261945.296875,260705.3125,322202.1875,293506.40625,275414.0,260635.5625,238011.3125,273497.21875
1771506927.4249904,Relaxed,261949.578125,260709.78125,322200.9375,293513.46875,275420.8125,260640.21875,238018.640625,273505.4375
1771506927.4249904,Relaxed,261954.671875,260716.03125,322208.5625,293516.5,275424.75,260643.609375,238025.609375,273499.4375
1771506927.4249904,Relaxed,261944.21875,260706.734375,322199.34375,293500.6875,275412.21875,260630.5625,238012.921875,273490.78125
1771506927.4249904,Relaxed,261944.9375,260708.796875,322195.40625,293498.8125,275414.53125,260633.421875,238007.90625,273495.6875
1771506927.4249904,Relaxed,261950.203125,260714.0625,322198.28125,293504.34375,275423.40625,260645.9375,238015.421875,273507.40625
1771506927.4249904,Relaxed,261958.078125,260719.515625,322206.5,293511.59375,275428.75,260652.90625,238020.515625,273515.28125
1771506927.4499862,Relaxed,261962.8125,260722.375,322212.03125,293514.0,275432.25,260657.46875,238025.078125,273519.90625
1771506927.4499862,Relaxed,261972.65625,260731.0625,322223.75,293518.46875,275439.5625,260667.84375,238034.46875,273526.09375
1771506927.4499862,Relaxed,261979.53125,260736.421875,322227.9375,293521.6875,275442.15625,260672.140625,238037.953125,273528.21875
1771506927.4499862,Relaxed,261975.953125,260730.96875,322209.1875,293518.21875,275437.875,260663.828125,238032.40625,273528.40625
1771506927.4499862,Relaxed,261972.828125,260727.5625,322199.4375,293513.8125,275432.34375,260657.03125,238026.515625,273525.375
1771506927.4499862,Relaxed,261966.21875,260718.625,322186.8125,293502.375,275421.4375,260645.40625,238016.40625,273518.40625
1771506927.4780502,Relaxed,261962.28125,260714.0625,322178.59375,293497.375,275412.03125,260634.234375,238012.828125,273507.21875
1771506927.4780502,Relaxed,261964.609375,260714.96875,322178.96875,293497.0,275409.34375,260632.625,238010.953125,273503.1875
1771506927.4780502,Relaxed,261968.0,260714.25,322176.1875,293494.96875,275408.46875,260632.34375,238010.140625,273501.59375
1771506927.4780502,Relaxed,261968.359375,260712.1875,322173.84375,293494.4375,275407.375,260631.015625,238007.46875,273499.1875
1771506927.4780502,Relaxed,261968.53125,260713.703125,322175.03125,293494.0625,275407.125,260629.75,238007.734375,273491.84375
1771506927.4780502,Relaxed,261962.28125,260709.515625,322168.59375,293487.8125,275403.09375,260627.4375,238005.59375,273486.75
1771506927.4780502,Relaxed,261964.609375,260714.25,322175.1875,293491.90625,275410.96875,260636.109375,238012.203125,273497.125
1771506927.5012152,Relaxed,261965.40625,260717.109375,322174.75,293494.34375,275417.125,260641.109375,238015.515625,273500.15625
1771506927.5012152,Relaxed,261970.59375,260720.5,322181.28125,293498.625,275425.625,260651.296875,238020.15625,273508.75
1771506927.5012152,Relaxed,261967.375,260718.71875,322178.6875,293495.21875,275425.8125,260650.40625,238020.703125,273504.90625
1771506927.5012152,Relaxed,261959.421875,260715.046875,322173.6875,293489.59375,275425.09375,260647.546875,238023.828125,273504.09375
1771506927.5012152,Relaxed,261951.015625,260709.0625,322163.65625,293479.03125,275422.21875,260645.140625,238018.90625,273503.375
1771506927.5012152,Relaxed,261952.265625,260708.171875,322164.125,293474.65625,275423.9375,260647.109375,238017.75,273506.78125
1771506927.5012152,Relaxed,261958.703125,260713.984375,322169.5625,293476.4375,275431.4375,260655.0625,238024.09375,273515.375
1771506927.5261898,Relaxed,261953.34375,260719.078125,322169.375,293478.34375,275435.71875,260656.9375,238030.890625,273515.8125
1771506927.5261898,Relaxed,261940.28125,260711.125,322156.4375,293471.90625,275427.25,260645.765625,238025.53125,273507.75
1771506927.5261898,Relaxed,261946.28125,260708.171875,322150.625,293472.4375,275420.8125,260638.875,238022.046875,273499.8125
1771506927.5261898,Relaxed,261958.703125,260713.078125,322151.5,293481.46875,275425.625,260643.96875,238024.0,273507.125
1771506927.5261898,Relaxed,261955.75,260706.296875,322140.6875,293477.15625,275417.5,260635.65625,238012.921875,273505.625
1771506927.5261898,Relaxed,261955.84375,260703.96875,322132.71875,293475.375,275411.78125,260629.578125,238010.953125,273502.03125
1771506927.55488,Relaxed,261964.953125,260710.40625,322138.28125,293481.46875,275414.46875,260633.515625,238017.21875,273503.75
1771506927.55488,Relaxed,261967.203125,260707.1875,322132.28125,293479.65625,275410.25,260630.46875,238016.40625,273503.75
1771506927.55488,Relaxed,261968.0,260702.796875,322127.53125,293470.0,275403.28125,260623.859375,238006.921875,273499.71875
1771506927.55488,Relaxed,261974.890625,260704.234375,322126.90625,293469.375,275402.28125,260623.046875,238002.1875,273499.90625
1771506927.55488,Relaxed,261988.921875,260709.515625,322125.84375,293477.0,275400.9375,260623.859375,238001.75,273496.6875
1771506927.55488,Relaxed,261986.421875,260706.109375,322115.75,293471.28125,275391.28125,260615.625,237994.328125,273483.53125
1771506927.5799851,Relaxed,261989.640625,260703.25,322113.34375,293470.09375,275384.9375,260611.421875,237989.40625,273477.71875
1771506927.5799851,Relaxed,261995.359375,260707.71875,322111.375,293475.125,275388.78125,260615.09375,237991.546875,273481.75
1771506927.5799851,Relaxed,261997.234375,260712.546875,322112.25,293479.75,275396.84375,260622.78125,238000.578125,273495.34375
1771506927.5799851,Relaxed,261992.59375,260705.03125,322102.25,293473.3125,275391.46875,260616.078125,237998.34375,273491.5625
1771506927.5799851,Relaxed,261979.984375,260697.96875,322095.0,293467.0625,275384.5,260607.9375,237995.671875,273480.84375
1771506927.5799851,Relaxed,261974.890625,260694.9375,322096.34375,293462.59375,275383.4375,260607.140625,237993.703125,273471.71875
1771506927.6030173,Relaxed,261976.5,260697.4375,322091.875,293469.9375,275393.1875,260613.125,238004.421875,273482.1875
1771506927.6030173,Relaxed,261980.875,260702.796875,322093.65625,293475.75,275406.21875,260625.015625,238016.859375,273492.46875
1771506927.6030173,Relaxed,261977.921875,260702.09375,322094.90625,293473.59375,275409.4375,260625.90625,238017.84375,273496.9375
1771506927.6030173,Relaxed,261964.953125,260695.109375,322085.4375,293463.9375,275404.15625,260617.859375,238013.1875,273491.75
1771506927.6030173,Relaxed,261968.71875,260705.3125,322091.6875,293470.28125,275412.125,260628.328125,238019.359375,273498.375
1771506927.6030173,Relaxed,261967.640625,260704.234375,322090.09375,293466.34375,275412.3125,260629.3125,238015.875,273495.875
1771506927.6030173,Relaxed,261964.328125,260700.5625,322085.0625,293462.875,275411.3125,260627.96875,238014.96875,273495.96875
1771506927.63115,Relaxed,261965.859375,260705.03125,322085.78125,293471.8125,275416.78125,260634.140625,238023.109375,273503.375
1771506927.63115,Relaxed,261957.984375,260700.296875,322083.1875,293458.75,275412.03125,260632.078125,238019.453125,273500.34375
1771506927.63115,Relaxed,261959.59375,260702.359375,322088.5625,293457.21875,275414.0,260634.671875,238023.375,273499.4375
1771506927.63115,Relaxed,261960.21875,260700.390625,322083.5625,293452.75,275409.71875,260632.4375,238014.53125,273497.125
1771506927.63115,Relaxed,261959.5,260700.125,322078.90625,293450.6875,275408.71875,260631.984375,238009.515625,273499.1875
1771506927.63115,Relaxed,261964.609375,260707.453125,322085.53125,293455.09375,275413.46875,260635.390625,238016.5,273505.15625
1771506927.63115,Relaxed,261966.390625,260709.6875,322090.09375,293453.125,275409.90625,260633.953125,238016.234375,273499.53125
1771506927.660535,Relaxed,261963.703125,260707.0,322082.40625,293448.375,275403.375,260628.953125,238010.78125,273497.375
1771506927.660535,Relaxed,261959.953125,260701.28125,322068.90625,293445.25,275398.71875,260623.953125,238004.609375,273497.375
1771506927.660535,Relaxed,261957.359375,260697.078125,322060.59375,293444.53125,275394.78125,260618.046875,238000.40625,273495.25
1771506927.660535,Relaxed,261953.25,260688.9375,322056.09375,293435.40625,275385.84375,260611.15625,237993.25,273487.09375
1771506927.660535,Relaxed,261948.59375,260684.03125,322050.03125,293427.8125,275382.09375,260606.515625,237992.984375,273488.625
1771506927.684308,Relaxed,261949.9375,260686.265625,322050.3125,293430.84375,275385.40625,260608.75,237995.21875,273493.28125
1771506927.684308,Relaxed,261944.9375,260681.96875,322041.1875,293428.25,275383.25,260605.609375,237991.109375,273488.71875
1771506927.684308,Relaxed,261946.71875,260682.859375,322041.1875,293426.90625,275388.34375,260612.328125,237990.5625,273498.0
1771506927.684308,Relaxed,261950.484375,260687.0625,322048.6875,293431.21875,275396.9375,260617.15625,238001.390625,273509.46875
1771506927.684308,Relaxed,261948.515625,260686.53125,322050.21875,293427.375,275394.875,260613.578125,238002.375,273494.25
1771506927.684308,Relaxed,261945.296875,260685.28125,322038.40625,293422.71875,275395.21875,260611.96875,238003.53125,273486.9375
1771506927.684308,Relaxed,261951.90625,260690.46875,322039.3125,293428.1875,275401.3125,260618.765625,238001.46875,273498.46875
1771506927.684308,Relaxed,261950.5625,260689.5625,322039.84375,293427.8125,275403.53125,260621.890625,238002.546875,273504.8125
1771506927.7030597,Relaxed,261954.671875,260697.609375,322044.75,293433.96875,275412.3125,260631.546875,238011.9375,273516.0625
1771506927.7030597,Relaxed,261962.71875,260704.328125,322050.03125,293437.03125,275413.03125,260632.703125,238016.765625,273505.25
1771506927.7030597,Relaxed,261966.75,260705.21875,322051.09375,293431.84375,275409.625,260628.859375,238015.421875,273496.9375
1771506927.7030597,Relaxed,261970.0625,260707.71875,322048.875,293437.65625,275413.1875,260632.171875,238020.25,273503.5625
1771506927.7236476,Relaxed,261975.0625,260711.03125,322049.59375,293442.84375,275417.21875,260635.125,238024.546875,273508.21875
1771506927.7236476,Relaxed,261980.703125,260716.21875,322052.25,293446.40625,275419.71875,260638.34375,238028.921875,273508.84375
1771506927.7236476,Relaxed,261982.84375,260720.421875,322056.03125,293446.6875,275420.25,260639.40625,238030.359375,273505.71875
1771506927.7236476,Relaxed,261984.1875,260722.03125,322055.46875,293447.9375,275418.75,260637.890625,238030.171875,273501.59375
1771506927.7236476,Relaxed,261978.28125,260719.078125,322047.875,293439.25,275417.84375,260637.171875,238025.796875,273502.03125
1771506927.7236476,Relaxed,261979.71875,260724.265625,322050.3125,293441.125,275423.40625,260642.625,238027.671875,273506.15625
1771506927.7236476,Relaxed,261986.953125,260724.703125,322051.71875,293444.625,275420.71875,260640.390625,238026.234375,273503.125
1771506927.754876,Relaxed,261994.546875,260727.921875,322050.21875,293440.96875,275420.71875,260640.125,238026.6875,273501.84375
1771506927.754876,Relaxed,261993.578125,260731.140625,322054.78125,293438.8125,275425.28125,260645.578125,238029.546875,273503.65625
1771506927.754876,Relaxed,261989.09375,260725.0625,322048.0625,293431.84375,275421.875,260642.28125,238023.734375,273504.28125
1771506927.754876,Relaxed,261988.03125,260720.6875,322039.84375,293432.65625,275420.0,260639.765625,238020.609375,273511.15625
1771506927.754876,Relaxed,261981.140625,260713.625,322029.09375,293432.90625,275414.28125,260632.890625,238018.015625,273502.03125
1771506927.754876,Relaxed,261977.125,260713.890625,322025.0,293427.1875,275416.25,260634.9375,238020.875,273506.6875
1771506927.754876,Relaxed,261973.453125,260714.6875,322029.09375,293419.78125,275416.25,260635.921875,238021.140625,273505.71875
1771506927.7786758,Relaxed,261969.078125,260709.421875,322019.53125,293414.5,275409.34375,260626.8125,238015.0625,273495.78125
1771506927.7786758,Relaxed,261976.765625,260715.59375,322019.8125,293419.84375,275415.875,260631.453125,238018.28125,273505.71875
1771506927.7786758,Relaxed,261980.609375,260719.609375,322024.375,293423.15625,275420.34375,260636.015625,238021.140625,273512.6875
1771506927.7786758,Relaxed,261976.40625,260715.59375,322020.0625,293417.8125,275414.28125,260629.046875,238018.28125,273502.5
1771506927.7786758,Relaxed,261974.96875,260718.1875,322018.375,293422.09375,275417.125,260630.109375,238023.65625,273503.28125
1771506927.8024883,Relaxed,261977.65625,260722.734375,322017.65625,293426.46875,275425.09375,260635.84375,238030.71875,273509.0
1771506927.8024883,Relaxed,261979.796875,260723.640625,322017.03125,293424.78125,275427.0625,260638.34375,238028.484375,273510.1875
1771506927.8024883,Relaxed,261976.9375,260721.671875,322015.875,293416.1875,275423.9375,260637.09375,238024.71875,273508.28125
1771506927.8024883,Relaxed,261976.5,260722.375,322015.4375,293411.625,275423.65625,260638.421875,238026.328125,273506.59375
1771506927.8024883,Relaxed,261968.359375,260716.390625,322007.75,293406.4375,275419.1875,260632.796875,238024.546875,273505.25
1771506927.8024883,Relaxed,261964.15625,260711.46875,322002.1875,293404.3125,275416.0625,260629.046875,238018.828125,273501.6875
1771506927.8024883,Relaxed,261967.640625,260713.625,322004.0,293406.90625,275418.3125,260629.9375,238019.453125,273500.875
1771506927.8199823,Relaxed,261963.890625,260710.84375,321996.46875,293405.5625,275415.625,260623.859375,238020.515625,273495.59375
1771506927.8199823,Relaxed,261966.125,260713.625,321997.375,293407.15625,275417.75,260626.1875,238025.171875,273496.0625
1771506927.8199823,Relaxed,261965.046875,260714.515625,321995.3125,293407.0625,275418.9375,260627.078125,238026.78125,273498.46875
1771506927.8601556,Relaxed,261962.546875,260712.546875,321989.3125,293401.34375,275417.65625,260625.640625,238022.484375,273501.84375
1771506927.8601556,Relaxed,261962.453125,260712.1875,321986.5625,293401.0,275416.6875,260625.015625,238020.703125,273505.71875
1771506927.8601556,Relaxed,261963.703125,260713.078125,321988.25,293403.59375,275416.0625,260624.125,238023.65625,273504.53125
1771506927.8601556,Relaxed,261965.046875,260716.125,321988.78125,293403.84375,275417.40625,260626.09375,238028.75,273506.15625
1771506927.8601556,Relaxed,261964.328125,260716.65625,321988.34375,293396.875,275419.71875,260630.921875,238030.984375,273517.5
1771506927.8601556,Relaxed,261956.828125,260706.109375,321973.21875,293384.8125,275409.0,260619.390625,238018.546875,273504.375
1771506927.8601556,Relaxed,261958.078125,260703.609375,321968.5,293383.46875,275405.78125,260616.25,238014.265625,273495.59375
1771506927.8807268,Relaxed,261959.5,260705.21875,321971.625,293388.21875,275405.59375,260615.71875,238017.84375,273490.15625
1771506927.8807268,Relaxed,261958.34375,260701.734375,321971.625,293377.75,275399.96875,260615.71875,238005.953125,273489.875
1771506927.9312441,Relaxed,261954.953125,260696.71875,321963.40625,293371.21875,275397.5625,260613.65625,238002.546875,273489.875
1771506927.9312441,Relaxed,261958.34375,260699.765625,321961.34375,293377.9375,275401.21875,260615.625,238007.28125,273492.65625
1771506927.9312441,Relaxed,261963.4375,260703.34375,321961.34375,293380.59375,275404.8125,260620.375,238008.453125,273495.78125
1771506927.9312441,Relaxed,261962.546875,260702.4375,321960.1875,293378.1875,275404.53125,260621.265625,238007.828125,273496.6875
1771506927.9312441,Relaxed,261962.546875,260706.375,321962.6875,293379.53125,275409.8125,260626.1875,238017.75,273503.375
1771506927.9312441,Relaxed,261950.828125,260696.28125,321951.21875,293368.1875,275400.59375,260615.265625,238008.8125,273485.84375
1771506927.9312441,Relaxed,261953.78125,260696.8125,321952.40625,293367.5625,275402.21875,260616.4375,238004.421875,273479.25
1771506927.9312441,Relaxed,261952.265625,260702.09375,321950.15625,293375.6875,275413.65625,260623.859375,238013.28125,273494.09375
1771506927.9312441,Relaxed,261948.515625,260705.390625,321954.28125,293375.78125,275420.1875,260628.59375,238020.15625,273499.4375
1771506927.9312441,Relaxed,261944.84375,260698.515625,321959.28125,293365.125,275414.0,260626.625,238016.859375,273496.6875
1771506927.9312441,Relaxed,261940.46875,260689.125,321943.71875,293357.625,275406.40625,260619.03125,238010.0625,273494.78125
1771506927.9312441,Relaxed,261939.296875,260690.828125,321940.0625,293354.78125,275408.71875,260619.5625,238008.359375,273496.6875
1771506927.954918,Relaxed,261946.90625,260700.5625,321947.84375,293360.9375,275418.46875,260630.203125,238014.265625,273502.5625
1771506927.954918,Relaxed,261957.09375,260707.546875,321954.625,293370.0625,275423.21875,260635.03125,238022.046875,273508.21875
1771506927.954918,Relaxed,261955.578125,260706.828125,321951.40625,293363.4375,275418.125,260629.125,238019.0,273498.71875
1771506927.954918,Relaxed,261954.5,260705.578125,321947.9375,293352.71875,275414.90625,260627.515625,238015.515625,273498.09375
1771506927.954918,Relaxed,261954.765625,260702.984375,321941.75,293353.96875,275414.46875,260625.640625,238015.15625,273502.9375
1771506927.954918,Relaxed,261957.546875,260703.25,321939.625,293360.40625,275418.46875,260629.9375,238017.5625,273511.25
1771506927.954918,Relaxed,261961.390625,260704.328125,321939.15625,293362.09375,275418.375,260631.015625,238019.0,273514.1875
1771506927.954918,Relaxed,261961.65625,260702.09375,321939.4375,293353.34375,275410.96875,260624.484375,238015.875,273508.28125
1771506927.954918,Relaxed,261960.671875,260700.125,321939.0625,293344.5,275405.96875,260617.859375,238013.8125,273495.15625
1771506927.954918,Relaxed,261957.890625,260694.3125,321930.84375,293337.15625,275402.46875,260615.265625,238004.609375,273497.3125
1771506927.954918,Relaxed,261958.703125,260691.8125,321922.0,293339.21875,275404.09375,260616.171875,238003.0,273505.875
1771506927.9743948,Relaxed,261961.03125,260695.921875,321927.0,293340.28125,275408.28125,260620.375,238009.609375,273506.34375
1771506927.9743948,Relaxed,261959.6875,260697.34375,321922.90625,293339.75,275409.53125,260620.28125,238013.1875,273503.8125
1771506927.9743948,Relaxed,261958.25,260695.5625,321919.125,293336.25,275408.71875,260619.921875,238012.921875,273506.34375
1771506927.9743948,Relaxed,261960.3125,260696.8125,321919.21875,293340.65625,275413.375,260624.75,238016.40625,273516.78125
1771506927.9743948,Relaxed,261956.109375,260689.65625,321913.40625,293334.46875,275406.40625,260619.03125,238006.84375,273504.375
1771506927.9743948,Relaxed,261952.4375,260684.296875,321912.0625,293328.84375,275401.3125,260614.015625,238003.4375,273497.3125
1771506928.008046,Relaxed,261955.9375,260687.6875,321915.75,293330.0,275402.5625,260617.421875,238003.359375,273495.25
1771506928.008046,Relaxed,261954.765625,260689.390625,321917.25,293327.5,275406.40625,260620.1875,238006.65625,273505.34375
1771506928.008046,Relaxed,261960.40625,260693.6875,321919.0625,293329.03125,275410.25,260623.40625,238009.078125,273500.875
1771506928.008046,Relaxed,261958.4375,260690.46875,321910.90625,293325.8125,275409.8125,260623.859375,238003.625,273499.90625
1771506928.008046,Relaxed,261956.640625,260689.03125,321904.5625,293322.03125,275409.53125,260622.96875,238003.703125,273501.21875
1771506928.008046,Relaxed,261959.421875,260694.125,321910.8125,293320.4375,275411.40625,260624.390625,238007.109375,273502.125
1771506928.008046,Relaxed,261966.125,260702.171875,321917.53125,293326.34375,275416.0625,260629.484375,238012.5625,273502.5
1771506928.008046,Relaxed,261968.171875,260705.03125,321914.65625,293332.15625,275419.625,260633.515625,238014.890625,273507.59375
1771506928.0543187,Relaxed,261966.484375,260703.875,321914.03125,293325.96875,275417.21875,260632.890625,238009.703125,273505.15625
1771506928.0543187,Relaxed,261970.59375,260707.546875,321918.4375,293325.875,275417.3125,260634.859375,238009.515625,273499.1875
1771506928.0543187,Relaxed,261972.734375,260711.125,321923.59375,293326.34375,275421.0625,260639.59375,238015.515625,273502.9375
1771506928.0543187,Relaxed,261964.6875,260706.015625,321917.71875,293319.625,275417.84375,260635.921875,238014.703125,273501.40625
1771506928.0543187,Relaxed,261969.15625,260709.6875,321924.3125,293322.03125,275423.9375,260643.078125,238018.28125,273510.25
1771506928.0543187,Relaxed,261970.953125,260708.796875,321923.53125,293319.09375,275421.4375,260641.640625,238011.484375,273502.65625
1771506928.0543187,Relaxed,261964.328125,260699.5,321903.75,293309.625,275409.90625,260629.75,238001.203125,273489.15625
1771506928.0543187,Relaxed,261962.640625,260698.78125,321903.5,293309.09375,275407.84375,260627.875,238003.890625,273487.8125
1771506928.0543187,Relaxed,261963.625,260700.296875,321901.34375,293308.1875,275409.8125,260628.328125,238008.0,273489.4375
1771506928.0775218,Relaxed,261962.09375,260698.15625,321896.6875,293309.34375,275412.5,260629.75,238010.953125,273492.75
1771506928.0775218,Relaxed,261959.6875,260695.03125,321888.90625,293310.15625,275412.65625,260625.640625,238011.75,273491.21875
1771506928.0775218,Relaxed,261967.015625,260701.640625,321896.25,293315.78125,275416.0625,260630.734375,238015.0625,273492.1875
1771506928.0775218,Relaxed,261969.875,260704.859375,321901.0,293315.4375,275417.65625,260635.296875,238014.703125,273497.125
1771506928.0775218,Relaxed,261965.859375,260699.40625,321891.34375,293308.0,275410.96875,260626.984375,238009.515625,273489.53125
1771506928.0775218,Relaxed,261968.09375,260699.9375,321889.375,293311.59375,275413.28125,260626.890625,238012.203125,273491.84375
1771506928.0775218,Relaxed,261965.859375,260697.078125,321890.0,293307.65625,275411.875,260624.21875,238007.5625,273489.78125
1771506928.0775218,Relaxed,261966.84375,260698.328125,321892.0625,293306.65625,275409.0,260622.6875,238005.671875,273485.0625
1771506928.110519,Relaxed,261966.125,260700.125,321884.625,293303.09375,275408.5625,260624.21875,238005.5,273487.375
1771506928.110519,Relaxed,261968.890625,260707.453125,321884.71875,293306.84375,275416.0625,260631.015625,238011.9375,273491.40625
1771506928.110519,Relaxed,261977.5625,260715.765625,321890.71875,293311.9375,275422.5,260638.25,238016.40625,273496.59375
1771506928.110519,Relaxed,261979.0,260709.6875,321883.71875,293308.28125,275416.34375,260630.5625,238009.4375,273499.8125
1771506928.110519,Relaxed,261982.21875,260704.859375,321881.75,293306.40625,275411.25,260627.609375,238006.578125,273506.15625
1771506928.110519,Relaxed,261979.890625,260704.140625,321885.15625,293303.28125,275408.03125,260626.71875,238005.953125,273494.71875
1771506928.110519,Relaxed,261978.734375,260709.234375,321889.53125,293302.375,275415.09375,260633.515625,238014.0,273499.96875
1771506928.110519,Relaxed,261979.796875,260711.03125,321889.375,293304.625,275420.1875,260636.8125,238018.015625,273510.8125
1771506928.110519,Relaxed,261968.625,260701.640625,321884.1875,293293.15625,275411.59375,260629.75,238004.96875,273495.15625
1771506928.1324172,Relaxed,261957.890625,260695.65625,321870.59375,293286.0,275407.3125,260622.421875,238003.890625,273493.625
1771506928.1324172,Relaxed,261945.828125,260686.703125,321856.03125,293277.96875,275398.8125,260614.5625,237999.0625,273489.6875
1771506928.1324172,Relaxed,261939.03125,260681.796875,321849.65625,293271.34375,275393.0,260608.828125,237994.140625,273487.28125
1771506928.1324172,Relaxed,261930.1875,260671.234375,321836.78125,293255.34375,275383.4375,260600.4375,237982.25,273482.5625
1771506928.1324172,Relaxed,261929.203125,260667.484375,321830.28125,293252.5625,275383.15625,260599.625,237979.84375,273484.15625
1771506928.1324172,Relaxed,261931.515625,260670.34375,321832.6875,293257.40625,275386.8125,260602.390625,237988.15625,273483.71875
1771506928.1324172,Relaxed,261928.578125,260667.390625,321823.90625,293253.90625,275384.0625,260599.8125,237986.8125,273484.59375
1771506928.1324172,Relaxed,261923.921875,260663.015625,321819.1875,293244.875,275375.84375,260593.015625,237974.390625,273476.28125
1771506928.1549144,Relaxed,261924.1875,260665.703125,321823.65625,293243.90625,275381.1875,260597.578125,237978.40625,273477.90625
1771506928.1549144,Relaxed,261925.71875,260667.3125,321822.125,293248.1875,275386.5625,260601.421875,237982.703125,273483.34375
1771506928.1549144,Relaxed,261931.703125,260674.375,321825.4375,293255.96875,275392.1875,260606.515625,237987.4375,273484.34375
1771506928.1549144,Relaxed,261931.515625,260676.25,321827.9375,293255.09375,275390.40625,260605.53125,237987.890625,273480.65625
1771506928.1794293,Relaxed,261930.625,260676.875,321826.96875,293252.21875,275387.90625,260603.828125,237988.0625,273476.5625
1771506928.1794293,Relaxed,261932.421875,260677.671875,321826.5,293246.40625,275389.25,260606.6875,237986.453125,273479.59375
1771506928.1794293,Relaxed,261931.4375,260675.984375,321822.3125,293243.53125,275389.34375,260605.796875,237984.3125,273481.375
1771506928.1794293,Relaxed,261931.96875,260678.578125,321827.59375,293243.0,275390.59375,260607.578125,237981.625,273477.90625
1771506928.2061794,Relaxed,261933.671875,260682.0625,321829.1875,293243.09375,275394.34375,260609.640625,237986.984375,273482.46875
1771506928.2061794,Relaxed,261935.1875,260682.859375,321825.25,293242.5625,275395.5,260609.546875,237990.203125,273485.84375
1771506928.2061794,Relaxed,261946.0,260690.90625,321829.375,293253.1875,275405.5,260617.328125,237999.953125,273493.71875
1771506928.2061794,Relaxed,261947.53125,260688.5,321825.4375,293251.25,275405.875,260618.40625,237999.0625,273497.75
1771506928.2061794,Relaxed,261944.046875,260684.296875,321819.625,293244.625,275401.125,260615.8125,237994.953125,273494.25
1771506928.2061794,Relaxed,261947.4375,260689.390625,321823.125,293245.6875,275403.0,260616.96875,237999.859375,273494.96875
1771506928.2061794,Relaxed,261947.4375,260690.90625,321821.9375,293246.21875,275404.25,260615.90625,238003.4375,273496.125
1771506928.2336724,Relaxed,261947.890625,260688.9375,321819.0,293245.875,275402.5625,260614.5625,238001.125,273485.9375
1771506928.2336724,Relaxed,261956.203125,260695.65625,321828.84375,293250.0625,275410.6875,260622.96875,238004.34375,273495.15625
1771506928.2336724,Relaxed,261963.625,260701.8125,321831.34375,293251.6875,275415.78125,260628.421875,238009.171875,273495.59375
1771506928.2336724,Relaxed,261962.453125,260701.8125,321826.15625,293251.40625,275414.46875,260627.078125,238012.921875,273500.4375
1771506928.2336724,Relaxed,261958.34375,260698.953125,321820.25,293248.03125,275411.78125,260623.234375,238013.015625,273501.6875
1771506928.2336724,Relaxed,261959.328125,260697.890625,321814.09375,293247.5625,275408.65625,260621.171875,238006.578125,273487.5625
1771506928.2336724,Relaxed,261960.21875,260696.28125,321808.28125,293247.75,275408.8125,260619.921875,238004.0625,273485.84375
1771506928.2336724,Relaxed,261962.28125,260694.75,321808.625,293245.59375,275408.71875,260620.1875,238004.515625,273491.84375
1771506928.2336724,Relaxed,261966.84375,260698.78125,321812.65625,293248.71875,275410.53125,260621.4375,238012.65625,273486.5625
1771506928.2336724,Relaxed,261964.953125,260699.40625,321812.28125,293248.46875,275411.5,260621.796875,238019.265625,273484.25
1771506928.2599921,Relaxed,261952.171875,260686.4375,321798.09375,293234.34375,275400.0625,260612.6875,237998.4375,273488.4375
1771506928.2599921,Relaxed,261947.609375,260683.140625,321793.15625,293231.9375,275399.34375,260612.328125,237995.03125,273489.0625
1771506928.2599921,Relaxed,261952.53125,260687.78125,321790.3125,293238.71875,275402.28125,260612.765625,237999.859375,273486.40625
1771506928.2599921,Relaxed,261946.625,260686.0,321791.1875,293229.6875,275397.5625,260611.078125,237997.28125,273477.71875
1771506928.2599921,Relaxed,261945.828125,260687.15625,321795.5,293227.90625,275398.0,260611.703125,238000.484375,273481.03125
1771506928.2830963,Relaxed,261949.5,260690.640625,321793.53125,293231.5625,275403.46875,260616.53125,238002.375,273488.28125
1771506928.2830963,Relaxed,261949.40625,260690.734375,321789.84375,293233.4375,275407.375,260621.703125,238002.453125,273493.625
1771506928.2830963,Relaxed,261950.484375,260691.890625,321793.96875,293229.6875,275408.5625,260624.578125,238002.1875,273497.375
1771506928.2830963,Relaxed,261949.84375,260692.875,321795.5625,293224.78125,275407.84375,260623.234375,238004.609375,273494.625
1771506928.2830963,Relaxed,261950.75,260695.734375,321794.875,293224.15625,275409.34375,260625.109375,238006.921875,273496.9375
1771506928.2830963,Relaxed,261953.421875,260698.15625,321789.0625,293228.0,275411.5,260626.1875,238008.453125,273499.0
1771506928.2830963,Relaxed,261957.625,260702.171875,321791.71875,293230.59375,275415.0,260630.203125,238009.078125,273496.40625
1771506928.3186798,Relaxed,261953.34375,260700.5625,321789.84375,293223.78125,275411.9375,260627.25,238003.4375,273498.09375
1771506928.3186798,Relaxed,261947.078125,260693.421875,321781.8125,293217.53125,275403.09375,260616.171875,237998.34375,273491.3125
1771506928.3186798,Relaxed,261952.53125,260695.375,321784.5,293220.375,275403.71875,260616.171875,238001.921875,273490.25
1771506928.3186798,Relaxed,261963.625,260707.09375,321793.78125,293229.96875,275417.40625,260629.40625,238013.8125,273503.46875
1771506928.3186798,Relaxed,261965.234375,260708.34375,321788.96875,293230.59375,275418.21875,260627.609375,238011.484375,273498.90625
1771506928.3186798,Relaxed,261964.515625,260709.6875,321785.03125,293230.40625,275415.34375,260624.75,238007.28125,273487.90625
1771506928.3186798,Relaxed,261965.046875,260712.546875,321790.3125,293228.96875,275419.46875,260630.109375,238014.171875,273492.5625
1771506928.3437529,Relaxed,261958.703125,260704.328125,321781.28125,293216.28125,275412.21875,260625.203125,238006.390625,273489.34375
1771506928.3437529,Relaxed,261961.65625,260704.59375,321782.53125,293217.15625,275415.0,260630.828125,238006.03125,273496.125
1771506928.3437529,Relaxed,261958.796875,260698.0625,321773.125,293214.9375,275410.875,260624.390625,238002.375,273497.375
1771506928.3437529,Relaxed,261951.453125,260689.390625,321765.625,293206.8125,275403.46875,260616.796875,237997.359375,273492.125
1771506928.3437529,Relaxed,261952.09375,260691.171875,321772.0625,293208.0625,275403.28125,260618.40625,238002.546875,273490.25
1771506928.3437529,Relaxed,261953.34375,260693.5,321766.6875,293210.03125,275402.375,260615.546875,238005.046875,273486.40625
1771506928.3437529,Relaxed,261953.25,260693.234375,321758.5625,293207.15625,275401.5,260613.84375,238002.1875,273487.1875
1771506928.3437529,Relaxed,261953.0625,260690.828125,321755.0625,293202.25,275400.59375,260613.390625,237998.53125,273485.5
1771506928.3437529,Relaxed,261951.375,260690.546875,321748.28125,293207.59375,275402.84375,260612.5,238001.65625,273491.03125
1771506928.3700302,Relaxed,261946.90625,260688.9375,321749.0,293203.5,275401.21875,260612.5,238002.453125,273492.03125
1771506928.3700302,Relaxed,261948.875,260687.609375,321742.1875,293198.3125,275399.0,260610.265625,238001.828125,273490.40625
1771506928.3700302,Relaxed,261949.140625,260684.65625,321732.71875,293196.4375,275396.46875,260605.078125,238000.84375,273485.78125
1771506928.3700302,Relaxed,261953.421875,260686.359375,321734.96875,293197.78125,275397.90625,260606.0625,237999.15625,273485.5
1771506928.3700302,Relaxed,261957.625,260687.6875,321742.46875,293195.09375,275398.375,260606.6875,237998.078125,273485.0625
1771506928.3944144,Relaxed,261956.375,260686.265625,321737.65625,293192.59375,275395.84375,260602.046875,237999.859375,273481.03125
1771506928.3944144,Relaxed,261959.15625,260693.421875,321742.46875,293196.78125,275401.03125,260607.3125,238005.40625,273482.28125
1771506928.3944144,Relaxed,261959.15625,260692.703125,321735.9375,293193.03125,275399.53125,260607.578125,237999.515625,273481.28125
1771506928.3944144,Relaxed,261957.359375,260688.9375,321723.15625,293190.15625,275398.1875,260604.8125,237996.734375,273483.09375
1771506928.3944144,Relaxed,261959.15625,260692.34375,321728.625,293192.125,275401.59375,260609.1875,237999.328125,273485.5
1771506928.3944144,Relaxed,261958.171875,260693.6875,321732.71875,293189.46875,275403.09375,260612.953125,238001.46875,273485.3125
1771506928.3944144,Relaxed,261953.15625,260691.171875,321733.09375,293181.21875,275401.5,260612.234375,237999.515625,273484.25
1771506928.4175413,Relaxed,261959.421875,260696.71875,321736.3125,293185.625,275406.0625,260615.359375,238003.796875,273481.5625
1771506928.4175413,Relaxed,261962.71875,260699.859375,321734.25,293194.28125,275412.03125,260619.46875,238009.25,273487.09375
1771506928.4175413,Relaxed,261959.859375,260696.984375,321728.6875,293188.90625,275409.71875,260616.796875,238003.984375,273489.78125
1771506928.4175413,Relaxed,261956.015625,260693.140625,321724.6875,293181.21875,275405.15625,260612.234375,238003.703125,273486.5625
1771506928.4175413,Relaxed,261958.703125,260694.484375,321727.34375,293178.71875,275402.375,260610.359375,238000.40625,273480.5
1771506928.4399166,Relaxed,261963.984375,260699.765625,321733.875,293179.625,275406.40625,260615.8125,238001.03125,273483.96875
1771506928.4399166,Relaxed,261959.0625,260692.875,321717.15625,293176.3125,275401.5,260609.8125,237993.609375,273479.6875
1771506928.4399166,Relaxed,261951.015625,260684.921875,321705.625,293168.0,275397.5625,260604.71875,237990.390625,273478.875
1771506928.4399166,Relaxed,261952.265625,260687.328125,321713.21875,293168.53125,275402.21875,260608.65625,237998.25,273482.625
1771506928.4399166,Relaxed,261953.25,260688.765625,321712.6875,293169.53125,275400.78125,260607.578125,237999.328125,273476.8125
1771506928.4399166,Relaxed,261947.890625,260683.671875,321704.65625,293161.5625,275395.15625,260601.234375,237991.1875,273469.9375
1771506928.4687066,Relaxed,261949.140625,260683.40625,321698.65625,293163.34375,275398.90625,260603.03125,237991.1875,273477.0
1771506928.4687066,Relaxed,261944.046875,260679.734375,321691.78125,293159.0625,275398.0,260601.765625,237990.125,273478.34375
1771506928.4687066,Relaxed,261947.796875,260682.953125,321694.28125,293160.40625,275397.71875,260600.796875,237993.421875,273475.125
1771506928.4687066,Relaxed,261947.078125,260681.703125,321695.0,293153.6875,275394.4375,260599.0,237991.640625,273472.625
1771506928.4687066,Relaxed,261949.3125,260684.03125,321696.0625,293153.96875,275397.375,260602.9375,237992.71875,273477.53125
1771506928.4687066,Relaxed,261956.46875,260691.0,321699.8125,293162.90625,275403.1875,260608.5625,237997.71875,273481.46875
1771506928.4687066,Relaxed,261951.1875,260688.5,321694.1875,293160.40625,275398.625,260602.484375,237993.96875,273476.375
1771506928.4925847,Relaxed,261951.375,260689.484375,321696.875,293155.9375,275396.40625,260601.59375,237992.71875,273473.875
1771506928.4925847,Relaxed,261952.359375,260686.0,321694.5625,293149.3125,275392.09375,260601.6875,237988.78125,273474.15625
1771506928.4925847,Relaxed,261952.265625,260683.046875,321689.375,293147.15625,275391.46875,260603.109375,237986.359375,273477.4375
1771506928.4925847,Relaxed,261956.203125,260682.421875,321685.6875,293149.75,275394.4375,260605.078125,237987.890625,273479.15625
1771506928.4925847,Relaxed,261950.125,260673.03125,321673.4375,293140.09375,275388.15625,260595.328125,237981.265625,273473.59375
1771506928.4925847,Relaxed,261949.578125,260671.234375,321673.09375,293138.6875,275385.65625,260592.109375,237982.34375,273470.5625
1771506928.5236974,Relaxed,261952.0,260671.234375,321668.53125,293138.5,275385.21875,260590.953125,237986.359375,273469.125
1771506928.5236974,Relaxed,261954.234375,260670.796875,321662.0,293137.40625,275384.59375,260589.53125,237983.765625,273463.59375
1771506928.5236974,Relaxed,261959.859375,260676.0625,321675.15625,293140.8125,275391.46875,260599.71875,237986.453125,273470.375
1771506928.5236974,Relaxed,261959.328125,260676.703125,321676.21875,293136.78125,275392.8125,260601.765625,237986.359375,273472.8125
1771506928.5236974,Relaxed,261948.875,260668.375,321662.71875,293128.65625,275383.15625,260589.796875,237979.21875,273463.0625
1771506928.5236974,Relaxed,261943.59375,260664.71875,321654.40625,293124.625,275378.25,260583.71875,237976.0,273456.875
1771506928.5236974,Relaxed,261945.734375,260670.171875,321658.15625,293127.5,275385.40625,260590.15625,237980.109375,273463.6875
1771506928.5236974,Relaxed,261952.0,260676.703125,321663.0,293134.125,275392.0,260596.140625,237984.125,273468.59375
1771506928.5425808,Relaxed,261950.75,260676.96875,321660.84375,293133.40625,275393.0,260596.5,237985.921875,273468.59375
1771506928.5425808,Relaxed,261949.140625,260677.765625,321661.5625,293127.59375,275392.8125,260597.75,237986.09375,273470.125
1771506928.5425808,Relaxed,261951.375,260679.734375,321663.96875,293127.40625,275394.875,260598.90625,237990.125,273471.1875
1771506928.5425808,Relaxed,261952.171875,260678.125,321661.75,293125.625,275395.21875,260599.53125,237988.515625,273472.09375
1771506928.5762048,Relaxed,261946.0,260669.546875,321645.71875,293122.65625,275388.96875,260592.921875,237979.75,273465.125
1771506928.5762048,Relaxed,261951.90625,260673.75,321647.6875,293125.71875,275393.875,260597.75,237983.859375,273463.3125
1771506928.5762048,Relaxed,261953.515625,260678.75,321658.59375,293121.5,275400.15625,260606.515625,237990.75,273470.84375
1771506928.5986567,Relaxed,261942.96875,260669.71875,321644.375,293108.8125,275388.34375,260597.125,237975.09375,273472.09375
1771506928.5986567,Relaxed,261946.09375,260671.15625,321646.34375,293105.9375,275388.0625,260596.9375,237975.1875,273474.78125
1771506928.5986567,Relaxed,261953.96875,260676.25,321648.40625,293111.03125,275389.0625,260599.0,237975.09375,273474.59375
1771506928.5986567,Relaxed,261937.0625,260659.4375,321625.34375,293100.0625,275367.96875,260577.359375,237959.453125,273456.53125
1771506928.5986567,Relaxed,261940.90625,260662.75,321631.78125,293103.90625,275365.46875,260576.015625,237962.40625,273454.65625
1771506928.5986567,Relaxed,261943.953125,260665.15625,321634.09375,293102.65625,275365.71875,260577.28125,237963.65625,273456.96875
1771506928.5986567,Relaxed,261952.625,260673.390625,321642.6875,293106.40625,275374.125,260586.65625,237968.578125,273463.15625
1771506928.6267598,Relaxed,261960.578125,260681.96875,321644.125,293114.4375,275382.09375,260589.796875,237974.921875,273462.78125
1771506928.6267598,Relaxed,261952.4375,260676.875,321634.28125,293108.71875,275379.59375,260581.828125,237972.421875,273455.375
1771506928.6267598,Relaxed,261963.703125,260687.421875,321644.3125,293114.53125,275388.15625,260588.890625,237981.71875,273455.1875
1771506928.6267598,Relaxed,261970.328125,260695.46875,321648.875,293119.09375,275395.40625,260596.234375,237988.328125,273457.96875
1771506928.6267598,Relaxed,261970.6875,260698.421875,321649.3125,293129.5625,275402.21875,260602.046875,237993.78125,273467.15625
1771506928.6267598,Relaxed,261966.390625,260694.75,321641.875,293119.90625,275403.28125,260602.3125,237992.625,273470.21875
1771506928.6267598,Relaxed,261955.578125,260684.296875,321614.875,293105.21875,275397.03125,260593.375,237985.921875,273463.875
1771506928.6267598,Relaxed,261950.5625,260682.953125,321614.4375,293105.5,275394.59375,260589.4375,237986.09375,273462.78125
1771506928.6267598,Relaxed,261953.15625,260688.140625,321637.15625,293104.96875,275399.0625,260599.359375,237989.671875,273464.125
1771506928.6518219,Relaxed,261954.765625,260690.90625,321650.8125,293099.59375,275404.71875,260608.203125,237992.265625,273471.0
1771506928.6518219,Relaxed,261958.703125,260694.75,321658.96875,293103.4375,275409.28125,260610.0,237995.9375,273477.4375
1771506928.6518219,Relaxed,261953.15625,260689.5625,321631.875,293102.46875,275405.15625,260605.4375,237993.421875,273476.8125
1771506928.6518219,Relaxed,261946.28125,260681.078125,321608.0,293099.0625,275394.5,260596.234375,237985.375,273466.375
1771506928.6518219,Relaxed,261947.078125,260681.609375,321613.09375,293093.875,275391.65625,260596.40625,237984.75,273467.25
1771506928.6518219,Relaxed,261952.09375,260682.59375,321616.40625,293089.9375,275389.875,260595.328125,237980.90625,273465.03125
1771506928.6518219,Relaxed,261959.5,260683.21875,321613.09375,293090.21875,275388.53125,260596.140625,237977.515625,273465.1875
1771506928.6518219,Relaxed,261960.84375,260681.171875,321611.75,293097.375,275385.84375,260594.625,237978.234375,273470.125
1771506928.6518219,Relaxed,261958.25,260676.96875,321613.375,293089.21875,275378.96875,260590.859375,237974.5625,273467.15625
1771506928.681104,Relaxed,261956.46875,260673.03125,321609.34375,293078.78125,275371.8125,260584.875,237970.453125,273463.875
1771506928.681104,Relaxed,261949.40625,260665.875,321602.625,293068.84375,275363.3125,260578.609375,237962.765625,273457.15625
1771506928.681104,Relaxed,261943.0625,260661.234375,321593.34375,293064.375,275358.84375,260575.84375,237956.859375,273454.46875
1771506928.681104,Relaxed,261941.71875,260664.453125,321589.84375,293072.875,275360.90625,260578.703125,237960.609375,273454.375
1771506928.681104,Relaxed,261949.84375,260676.25,321604.875,293087.4375,275367.6875,260584.703125,237972.328125,273457.25
1771506928.681104,Relaxed,261939.65625,260672.21875,321598.875,293060.96875,275366.4375,260582.640625,237968.9375,273451.53125
1771506928.708005,Relaxed,261934.734375,260671.875,321594.15625,293058.65625,275370.8125,260585.140625,237969.109375,273451.96875
1771506928.708005,Relaxed,261931.796875,260674.015625,321586.1875,293066.15625,275376.71875,260585.59375,237972.6875,273451.875
1771506928.708005,Relaxed,261939.921875,260681.875,321588.0625,293071.4375,275385.03125,260589.875,237979.75,273457.34375
1771506928.708005,Relaxed,261959.234375,260702.796875,321613.28125,293105.21875,275402.46875,260606.953125,237998.34375,273470.75
1771506928.708005,Relaxed,261950.203125,260698.328125,321603.0,293096.65625,275398.8125,260599.265625,237994.953125,273468.0625
1771506928.708005,Relaxed,261933.75,260678.84375,321576.0,293047.5625,275385.5,260579.875,237977.25,273463.9375
1771506928.7349536,Relaxed,261934.5625,260680.453125,321585.125,293053.8125,275391.65625,260589.96875,237978.234375,273471.46875
1771506928.7349536,Relaxed,261931.96875,260679.28125,321597.71875,293053.75,275391.75,260594.359375,237975.8125,273470.3125
1771506928.7349536,Relaxed,261930.71875,260678.03125,321579.75,293057.21875,275393.34375,260592.109375,237983.859375,273473.875
1771506928.7349536,Relaxed,261921.0625,260664.0,321549.09375,293043.71875,275380.03125,260573.875,237974.5625,273460.65625
1771506928.7349536,Relaxed,261917.671875,260660.78125,321551.21875,293038.1875,275376.0,260572.265625,237969.46875,273450.53125
1771506928.7349536,Relaxed,261913.109375,260657.46875,321559.1875,293033.34375,275374.21875,260575.484375,237965.265625,273450.90625
1771506928.7349536,Relaxed,261911.5,260661.046875,321570.625,293040.25,275379.75,260589.4375,237971.4375,273458.40625
1771506928.7349536,Relaxed,261904.96875,260652.015625,321539.4375,293034.4375,275370.46875,260571.546875,237967.6875,273454.5625
1771506928.7349536,Relaxed,261907.375,260653.984375,321555.25,293030.40625,275369.84375,260575.484375,237965.09375,273451.78125
1771506928.782438,Relaxed,261911.40625,260658.09375,321560.4375,293033.4375,275376.375,260584.515625,237969.375,273462.15625
1771506928.782438,Relaxed,261907.921875,260653.1875,321537.90625,293038.0,275374.9375,260581.203125,237971.703125,273466.375
1771506928.782438,Relaxed,261911.40625,260659.078125,321552.5625,293041.5,275379.125,260589.875,237973.484375,273472.71875
1771506928.782438,Relaxed,261911.5,260659.078125,321544.6875,293033.71875,275377.96875,260590.78125,237970.625,273476.65625
1771506928.782438,Relaxed,261908.90625,260654.96875,321550.15625,293022.8125,275370.28125,260584.421875,237963.65625,273474.59375
1771506928.782438,Relaxed,261906.9375,260652.828125,321544.25,293017.15625,275368.40625,260582.8125,237963.5625,273476.46875
1771506928.782438,Relaxed,261911.140625,260655.15625,321544.875,293028.625,275372.0,260582.546875,237970.8125,273478.875
1771506928.782438,Relaxed,261902.015625,260639.234375,321519.3125,293015.03125,275358.9375,260566.1875,237962.40625,273465.90625
1771506928.8137531,Relaxed,261885.828125,260620.8125,321499.5625,292989.0,275340.34375,260549.015625,237941.03125,273448.40625
1771506928.8137531,Relaxed,261890.21875,260625.90625,321506.96875,292990.25,275343.09375,260552.953125,237939.609375,273450.8125
1771506928.8137531,Relaxed,261897.546875,260632.625,321510.28125,292998.40625,275347.65625,260556.078125,237942.828125,273454.28125
1771506928.8137531,Relaxed,261898.171875,260629.21875,321500.25,292986.78125,275342.75,260550.546875,237935.765625,273449.5625
1771506928.8137531,Relaxed,261909.078125,260636.640625,321499.8125,292999.71875,275346.40625,260551.609375,237940.234375,273446.59375
1771506928.8137531,Relaxed,261915.703125,260644.421875,321508.5,293007.59375,275353.5625,260557.6875,237950.0625,273448.65625
1771506928.8137531,Relaxed,261922.21875,260651.390625,321522.875,293008.5,275363.5,260571.109375,237957.3125,273458.75
1771506928.8137531,Relaxed,261913.640625,260644.15625,321516.1875,292999.03125,275358.65625,260566.546875,237951.140625,273451.0625
1771506928.8137531,Relaxed,261912.203125,260643.609375,321511.1875,292999.03125,275359.65625,260567.625,237949.53125,273450.71875
1771506928.8137531,Relaxed,261919.28125,260649.78125,321512.5,293008.21875,275367.5,260573.78125,237962.765625,273457.4375
1771506928.8137531,Relaxed,261910.25,260640.671875,321508.75,293000.4375,275357.5,260565.65625,237956.328125,273444.90625
1771506928.8368664,Relaxed,261911.578125,260640.484375,321515.8125,292992.65625,275355.96875,260568.6875,237950.328125,273446.15625
1771506928.8368664,Relaxed,261918.734375,260644.328125,321518.78125,292997.6875,275359.90625,260571.828125,237955.4375,273448.9375
1771506928.8368664,Relaxed,261938.578125,260662.65625,321540.84375,293029.875,275374.65625,260586.84375,237968.65625,273457.78125
1771506928.8368664,Relaxed,261926.609375,260653.546875,321512.96875,293028.78125,275368.0625,260577.0,237966.875,273456.34375
1771506928.8618097,Relaxed,261911.765625,260638.78125,321486.40625,292979.53125,275356.15625,260564.484375,237952.84375,273449.8125
1771506928.8618097,Relaxed,261914.796875,260645.046875,321495.34375,292984.28125,275358.125,260564.3125,237956.328125,273450.625
1771506928.8618097,Relaxed,261912.296875,260645.3125,321499.8125,292981.125,275358.5,260568.421875,237954.53125,273452.40625
1771506928.8618097,Relaxed,261908.015625,260640.84375,321489.4375,292981.40625,275355.1875,260566.640625,237947.390625,273449.09375
1771506928.8618097,Relaxed,261907.109375,260641.015625,321490.625,292986.3125,275356.0625,260566.015625,237949.34375,273447.78125
1771506928.8618097,Relaxed,261916.6875,260648.984375,321513.125,292984.53125,275359.5625,260572.265625,237952.921875,273446.34375
1771506928.8618097,Relaxed,261920.890625,260651.125,321502.0625,292987.75,275360.28125,260571.203125,237956.765625,273449.8125
1771506928.8618097,Relaxed,261921.0625,260653.09375,321497.125,292981.9375,275364.03125,260574.328125,237956.234375,273456.71875
1771506928.8867538,Relaxed,261917.03125,260648.359375,321495.71875,292981.125,275359.75,260570.21875,237947.828125,273449.5625
1771506928.8867538,Relaxed,261920.890625,260652.828125,321504.46875,292985.96875,275365.625,260576.734375,237953.734375,273452.875
1771506928.8867538,Relaxed,261919.1875,260650.046875,321485.6875,292982.46875,275366.4375,260571.640625,237958.734375,273454.125
1771506928.8867538,Relaxed,261910.953125,260645.84375,321485.25,292974.875,275363.125,260569.765625,237954.09375,273447.0625
1771506928.8867538,Relaxed,261907.296875,260646.65625,321478.375,292977.5625,275367.34375,260572.984375,237959.09375,273452.875
1771506928.8867538,Relaxed,261905.328125,260642.09375,321472.5625,292974.15625,275362.875,260566.8125,237954.171875,273449.90625
1771506928.8867538,Relaxed,261907.375,260644.859375,321480.59375,292972.8125,275365.375,260570.484375,237954.8125,273453.03125
1771506928.9150178,Relaxed,261899.34375,260640.21875,321468.71875,292964.15625,275360.8125,260564.3125,237952.5625,273446.96875
1771506928.9150178,Relaxed,261890.3125,260633.421875,321461.46875,292964.875,275354.5625,260557.0625,237951.046875,273444.8125
1771506928.9150178,Relaxed,261906.125,260645.84375,321479.53125,292980.78125,275365.375,260571.828125,237961.515625,273452.40625
1771506928.9150178,Relaxed,261907.375,260640.390625,321480.96875,292961.125,275361.53125,260572.0,237950.953125,273444.375
1771506928.9150178,Relaxed,261904.4375,260637.984375,321467.71875,292966.65625,275359.90625,260569.40625,237949.34375,273444.8125
1771506928.9150178,Relaxed,261907.375,260643.4375,321469.5,292971.84375,275364.46875,260575.9375,237953.109375,273451.4375
1771506928.9393802,Relaxed,261909.171875,260644.78125,321471.84375,292960.40625,275362.875,260573.78125,237952.03125,273450.4375
1771506928.9393802,Relaxed,261901.390625,260637.71875,321460.84375,292952.96875,275354.375,260563.328125,237944.4375,273442.5
1771506928.9393802,Relaxed,261897.734375,260634.234375,321452.53125,292950.03125,275352.75,260561.625,237941.9375,273448.9375
1771506928.9393802,Relaxed,261894.59375,260629.40625,321444.03125,292945.65625,275346.0625,260555.1875,237936.65625,273443.75
1771506928.9393802,Relaxed,261900.234375,260632.34375,321446.53125,292947.4375,275345.78125,260555.109375,237940.328125,273441.34375
1771506928.9393802,Relaxed,261905.59375,260637.53125,321455.03125,292954.84375,275349.375,260559.9375,237945.6875,273441.96875
1771506928.9649396,Relaxed,261902.640625,260632.890625,321447.25,292953.875,275347.5,260557.6875,237942.921875,273442.125
1771506928.9649396,Relaxed,261907.828125,260636.90625,321456.53125,292953.40625,275353.21875,260567.796875,237945.59375,273448.9375
1771506928.9649396,Relaxed,261908.09375,260635.921875,321447.6875,292946.8125,275354.625,260569.765625,237945.78125,273452.40625
1771506928.9649396,Relaxed,261905.765625,260633.78125,321442.5,292946.625,275350.53125,260563.953125,237944.25,273448.46875
1771506928.9649396,Relaxed,261907.296875,260634.578125,321439.5625,292943.84375,275348.03125,260561.71875,237943.71875,273442.84375
1771506928.9649396,Relaxed,261916.6875,260646.65625,321448.40625,292956.09375,275359.03125,260572.8125,237953.015625,273452.40625
1771506928.9649396,Relaxed,261921.421875,260652.90625,321453.25,292957.71875,275367.34375,260580.21875,237957.484375,273460.09375
1771506928.998722,Relaxed,261923.75,260654.25,321453.6875,292956.8125,275372.0,260581.5625,237961.6875,273461.0
1771506928.998722,Relaxed,261919.0,260651.578125,321448.78125,292956.1875,275371.1875,260578.4375,237964.734375,273455.625
1771506928.998722,Relaxed,261919.359375,260655.15625,321449.03125,292962.90625,275374.84375,260579.875,237970.1875,273455.375
1771506928.998722,Relaxed,261919.625,260657.828125,321462.71875,292954.125,275380.5625,260587.203125,237970.8125,273460.46875
1771506928.998722,Relaxed,261907.5625,260646.296875,321441.15625,292944.5625,275374.65625,260579.6875,237961.0625,273457.34375
1771506928.998722,Relaxed,261904.875,260642.28125,321430.53125,292941.1875,275373.875,260579.15625,237959.8125,273458.5
1771506928.998722,Relaxed,261902.828125,260646.03125,321445.90625,292938.125,275374.9375,260582.734375,237963.921875,273456.0
1771506928.998722,Relaxed,261895.3125,260640.21875,321440.8125,292931.25,275368.125,260576.65625,237957.125,273451.625
1771506929.0218573,Relaxed,261889.859375,260632.625,321421.3125,292929.90625,275362.25,260566.640625,237953.109375,273449.90625
1771506929.0218573,Relaxed,261887.4375,260630.390625,321423.46875,292924.375,275357.15625,260563.421875,237945.6875,273442.9375
1771506929.0218573,Relaxed,261894.421875,260636.015625,321423.03125,292925.96875,275360.1875,260567.625,237948.640625,273451.625
1771506929.0218573,Relaxed,261895.140625,260637.890625,321414.0,292925.0,275356.4375,260563.953125,237949.890625,273445.25
1771506929.0218573,Relaxed,261897.1875,260644.953125,321421.5,292925.96875,275359.125,260569.046875,237953.90625,273444.5625
1771506929.0448759,Relaxed,261891.015625,260638.78125,321411.75,292922.75,275355.0,260565.828125,237952.03125,273445.25
1771506929.0448759,Relaxed,261905.234375,260642.71875,321415.15625,292928.75,275356.53125,260568.0625,237952.21875,273444.5625
1771506929.0448759,Relaxed,261910.328125,260642.8125,321413.09375,292932.84375,275354.5625,260564.484375,237951.59375,273437.75
1771506929.0448759,Relaxed,261904.703125,260637.796875,321406.375,292928.03125,275350.15625,260560.734375,237951.234375,273434.53125
1771506929.0448759,Relaxed,261901.21875,260636.640625,321404.59375,292925.25,275350.96875,260561.1875,237954.71875,273436.9375
1771506929.0448759,Relaxed,261911.859375,260644.328125,321410.40625,292930.96875,275354.8125,260566.015625,237956.5,273432.75
1771506929.072491,Relaxed,261916.328125,260647.015625,321412.125,292932.6875,275358.84375,260570.21875,237957.390625,273441.59375
1771506929.072491,Relaxed,261910.0625,260644.234375,321410.15625,292927.5,275358.40625,260571.109375,237953.46875,273440.15625
1771506929.072491,Relaxed,261912.484375,260646.921875,321414.4375,292925.25,275359.375,260572.265625,237955.78125,273440.15625
1771506929.072491,Relaxed,261905.6875,260642.625,321410.5,292916.40625,275356.59375,260568.875,237954.453125,273440.15625
1771506929.072491,Relaxed,261904.171875,260642.1875,321405.21875,292917.375,275358.9375,260571.203125,237955.4375,273444.8125
1771506929.072491,Relaxed,261900.40625,260638.078125,321393.25,292917.75,275358.5,260567.171875,237954.8125,273449.03125
1771506929.072491,Relaxed,261901.578125,260638.703125,321400.125,292918.5625,275358.21875,260569.046875,237954.984375,273445.34375
1771506929.072491,Relaxed,261907.828125,260643.890625,321406.125,292916.59375,275363.75,260574.6875,237959.640625,273449.375
1771506929.1024554,Relaxed,261901.03125,260636.1875,321389.75,292907.375,275356.4375,260565.828125,237955.078125,273441.5
1771506929.1024554,Relaxed,261900.765625,260634.859375,321387.78125,292907.09375,275353.5625,260564.484375,237952.296875,273431.3125
1771506929.1024554,Relaxed,261900.40625,260632.34375,321385.09375,292907.1875,275353.9375,260564.3125,237952.125,273436.5
1771506929.1024554,Relaxed,261904.96875,260633.421875,321391.625,292907.1875,275354.09375,260564.84375,237953.375,273438.65625
1771506929.1024554,Relaxed,261901.21875,260630.296875,321390.21875,292900.125,275350.0,260561.546875,237951.859375,273433.1875
1771506929.1024554,Relaxed,261900.765625,260629.9375,321385.09375,292898.53125,275346.875,260559.03125,237951.859375,273428.09375
1771506929.1311955,Relaxed,261906.484375,260636.375,321388.15625,292902.09375,275350.78125,260563.953125,237953.015625,273431.9375
1771506929.1311955,Relaxed,261910.0625,260639.5,321384.9375,292901.75,275351.78125,260565.296875,237950.25,273432.75
1771506929.1311955,Relaxed,261909.53125,260638.609375,321383.21875,292899.59375,275349.53125,260564.21875,237947.5625,273433.46875
1771506929.1311955,Relaxed,261917.84375,260647.546875,321393.15625,292903.8125,275357.0625,260573.078125,237955.609375,273439.1875
1771506929.1311955,Relaxed,261919.0,260649.78125,321397.53125,292903.53125,275358.84375,260577.28125,237958.828125,273438.65625
1771506929.1311955,Relaxed,261913.375,260640.390625,321385.03125,292897.71875,275353.21875,260568.515625,237954.359375,273439.28125
1771506929.1311955,Relaxed,261913.015625,260636.375,321379.3125,292895.5625,275353.9375,260567.890625,237952.03125,273442.3125
1771506929.16188,Relaxed,261914.796875,260635.125,321370.625,292895.125,275354.8125,260567.34375,237953.015625,273446.59375
1771506929.16188,Relaxed,261915.25,260637.53125,321374.375,292892.90625,275354.625,260569.9375,237954.171875,273443.75
1771506929.16188,Relaxed,261919.71875,260643.078125,321379.9375,292896.46875,275356.59375,260573.15625,237958.03125,273446.15625
1771506929.16188,Relaxed,261912.03125,260636.1875,321370.4375,292890.03125,275346.5,260564.046875,237948.546875,273437.75
1771506929.16188,Relaxed,261914.359375,260637.984375,321373.75,292889.125,275346.78125,260566.1875,237945.59375,273437.125
1771506929.16188,Relaxed,261919.359375,260643.34375,321377.34375,292894.0625,275349.625,260569.140625,237947.921875,273436.78125
1771506929.16188,Relaxed,261915.34375,260642.90625,321371.34375,292891.375,275346.3125,260565.109375,237948.09375,273433.0
1771506929.16188,Relaxed,261919.453125,260647.546875,321375.90625,292893.34375,275348.125,260564.484375,237951.40625,273430.59375
1771506929.1778343,Relaxed,261919.625,260646.921875,321370.53125,292892.71875,275350.875,260564.21875,237953.546875,273435.53125
1771506929.1778343,Relaxed,261929.828125,260654.4375,321378.59375,292897.8125,275360.0,260574.234375,237956.0625,273438.1875
1771506929.1778343,Relaxed,261940.734375,260663.109375,321391.28125,292903.09375,275369.3125,260584.34375,237959.90625,273439.625
1771506929.1778343,Relaxed,261936.625,260660.0625,321392.25,292901.65625,275370.375,260585.046875,237963.203125,273441.6875
1771506929.1778343,Relaxed,261934.828125,260659.703125,321388.5,292900.5,275372.6875,260586.125,237965.984375,273441.6875
1771506929.213772,Relaxed,261935.359375,260664.359375,321386.0,292899.34375,275379.21875,260590.0625,237970.546875,273446.59375
1771506929.213772,Relaxed,261936.078125,260667.9375,321386.28125,292900.125,275385.21875,260595.421875,237974.203125,273451.15625
1771506929.213772,Relaxed,261934.203125,260667.484375,321382.15625,292894.9375,275384.6875,260592.828125,237971.609375,273451.4375
1771506929.213772,Relaxed,261931.4375,260667.390625,321378.21875,292891.625,275383.6875,260591.140625,237970.0,273448.65625
1771506929.213772,Relaxed,261912.125,260647.1875,321358.71875,292872.34375,275363.75,260571.375,237954.984375,273431.21875
1771506929.2386787,Relaxed,261918.5625,260648.53125,321361.875,292877.25,275365.46875,260574.328125,237958.375,273435.4375
1771506929.2386787,Relaxed,261928.75,260653.0,321360.875,292882.53125,275370.5625,260577.90625,237960.53125,273442.65625
1771506929.2386787,Relaxed,261927.40625,260649.421875,321351.5,292882.625,275366.625,260573.703125,237957.578125,273442.9375
1771506929.2386787,Relaxed,261921.421875,260641.5625,321344.96875,292875.46875,275356.78125,260564.671875,237952.296875,273439.4375
1771506929.2386787,Relaxed,261921.0625,260640.125,321349.0,292869.1875,275352.40625,260565.296875,237950.25,273437.5
1771506929.2386787,Relaxed,261909.796875,260631.015625,321341.03125,292857.5,275342.3125,260559.65625,237939.15625,273431.125
1771506929.2386787,Relaxed,261894.328125,260616.609375,321319.84375,292844.4375,275326.65625,260543.84375,237923.875,273416.65625
1771506929.2617962,Relaxed,261893.96875,260617.15625,321318.6875,292842.5625,275325.21875,260545.0,237923.421875,273415.59375
1771506929.2617962,Relaxed,261897.90625,260623.40625,321322.53125,292846.65625,275330.6875,260550.28125,237930.671875,273421.65625
1771506929.2617962,Relaxed,261897.90625,260624.921875,321323.25,292846.125,275332.46875,260552.59375,237935.5,273428.1875
1771506929.2617962,Relaxed,261895.046875,260620.546875,321315.0,292842.8125,275327.90625,260545.625,237931.734375,273424.15625
1771506929.2617962,Relaxed,261890.65625,260614.375,321307.78125,292840.40625,275323.71875,260538.203125,237923.6875,273419.0625
1771506929.2617962,Relaxed,261905.6875,260629.578125,321321.90625,292856.25,275342.3125,260557.96875,237938.4375,273433.09375
1771506929.2617962,Relaxed,261901.03125,260628.78125,321312.25,292844.625,275346.59375,260559.21875,237943.625,273439.53125
1771506929.2617962,Relaxed,261889.6875,260624.75,321310.71875,292838.71875,275345.15625,260555.90625,237942.828125,273438.46875
1771506929.2617962,Relaxed,261876.625,260613.390625,321293.46875,292831.90625,275334.96875,260541.421875,237933.96875,273416.03125
1771506929.2899714,Relaxed,261887.625,260620.28125,321303.75,292840.3125,275341.59375,260548.484375,237937.375,273417.8125
1771506929.2899714,Relaxed,261893.703125,260628.953125,321312.5,292848.0,275352.9375,260559.65625,237947.921875,273434.1875
1771506929.2899714,Relaxed,261891.921875,260626.625,321307.9375,292843.8125,275348.125,260551.078125,237946.046875,273428.53125
1771506929.2899714,Relaxed,261874.125,260607.859375,321286.75,292811.4375,275332.28125,260535.34375,237932.359375,273417.8125
1771506929.2899714,Relaxed,261881.0,260611.515625,321286.75,292814.9375,275337.84375,260541.78125,237936.65625,273424.78125
1771506929.2899714,Relaxed,261884.765625,260610.09375,321286.9375,292819.9375,275336.75,260543.84375,237932.28125,273429.875
1771506929.2899714,Relaxed,261883.421875,260605.078125,321285.6875,292812.6875,275331.03125,260541.6875,237925.84375,273429.625
1771506929.2899714,Relaxed,261896.5625,260615.453125,321295.53125,292821.90625,275336.125,260548.03125,237933.609375,273433.90625
1771506929.313065,Relaxed,261884.046875,260604.640625,321282.28125,292814.21875,275322.09375,260532.84375,237925.21875,273423.4375
1771506929.313065,Relaxed,261876.0,260597.75,321281.3125,292802.59375,275312.96875,260527.03125,237913.859375,273413.96875
1771506929.313065,Relaxed,261880.03125,260598.734375,321272.625,292803.21875,275317.28125,260531.953125,237914.296875,273422.71875
1771506929.313065,Relaxed,261878.5,260599.359375,321264.3125,292805.90625,275318.875,260533.640625,237916.09375,273424.0
1771506929.313065,Relaxed,261871.53125,260595.6875,321267.53125,292789.0,275311.90625,260528.453125,237909.390625,273411.125
1771506929.3406513,Relaxed,261866.4375,260593.8125,321262.25,292789.09375,275308.3125,260526.046875,237908.40625,273407.1875
1771506929.3406513,Relaxed,261879.671875,260606.515625,321270.5,292802.0625,275320.5625,260539.359375,237918.140625,273416.03125
1771506929.3406513,Relaxed,261879.75,260605.171875,321268.34375,292810.625,275319.9375,260535.171875,237915.828125,273414.40625
1771506929.3406513,Relaxed,261869.390625,260593.375,321253.9375,292792.3125,275311.8125,260524.171875,237907.78125,273407.34375
1771506929.3637145,Relaxed,261870.015625,260594.171875,321255.90625,292789.09375,275311.71875,260523.71875,237908.21875,273403.25
1771506929.3637145,Relaxed,261858.75,260586.75,321246.78125,292782.125,275304.5625,260514.953125,237903.03125,273395.1875
1771506929.3637145,Relaxed,261860.890625,260588.09375,321241.15625,292788.1875,275307.0,260514.421875,237904.734375,273393.5
1771506929.3637145,Relaxed,261867.234375,260590.59375,321241.875,292781.59375,275311.90625,260520.234375,237904.296875,273397.0
1771506929.3637145,Relaxed,261875.375,260598.828125,321254.5,292784.625,275322.09375,260530.875,237910.28125,273411.1875
1771506929.3637145,Relaxed,261880.03125,260606.953125,321262.0,292791.15625,275328.25,260535.4375,237920.390625,273415.75
1771506929.3637145,Relaxed,261871.171875,260601.0625,321255.375,292785.875,275322.1875,260529.171875,237917.875,273407.96875
1771506929.3637145,Relaxed,261871.53125,260599.0,321245.8125,292788.03125,275320.40625,260526.671875,237917.25,273402.875
1771506929.388077,Relaxed,261873.59375,260594.625,321239.5625,292778.4375,275321.03125,260528.640625,237914.484375,273405.375
1771506929.388077,Relaxed,261876.890625,260594.53125,321239.09375,292782.84375,275323.34375,260528.8125,237918.328125,273409.78125
1771506929.388077,Relaxed,261884.140625,260604.640625,321253.5,292795.0,275327.8125,260532.65625,237925.03125,273402.875
1771506929.388077,Relaxed,261891.46875,260609.90625,321267.53125,292806.875,275326.46875,260531.59375,237925.921875,273392.34375
1771506929.388077,Relaxed,261883.328125,260595.515625,321228.65625,292787.84375,275316.65625,260516.65625,237917.4375,273391.25
1771506929.388077,Relaxed,261901.296875,260603.65625,321227.9375,292786.5,275327.28125,260529.625,237924.140625,273411.125
1771506929.388077,Relaxed,261923.921875,260618.3125,321253.0625,292797.6875,275336.125,260540.34375,237930.671875,273415.40625
1771506929.388077,Relaxed,261935.453125,260626.984375,321259.75,292807.5,275340.25,260543.921875,237936.921875,273418.53125
1771506929.41246,Relaxed,261951.375,260635.296875,321264.40625,292816.71875,275346.78125,260550.984375,237946.21875,273430.0625
1771506929.41246,Relaxed,261960.21875,260638.609375,321273.15625,292810.8125,275349.71875,260558.046875,237946.21875,273440.71875
1771506929.41246,Relaxed,261963.4375,260634.859375,321259.5,292811.4375,275346.6875,260552.515625,237939.96875,273440.4375
1771506929.41246,Relaxed,261964.0625,260628.59375,321253.0625,292805.09375,275339.8125,260539.015625,237933.265625,273434.09375
1771506929.41246,Relaxed,261958.609375,260624.75,321250.5625,292799.1875,275336.21875,260537.046875,237931.109375,273433.65625
1771506929.41246,Relaxed,261954.234375,260624.125,321242.3125,292807.15625,275333.0,260531.765625,237932.1875,273420.40625
1771506929.4399512,Relaxed,261956.5625,260623.40625,321246.71875,292808.125,275334.78125,260534.265625,237932.1875,273418.625
1771506929.4399512,Relaxed,261949.765625,260617.234375,321231.15625,292789.0,275336.75,260534.71875,237929.6875,273423.625
1771506929.4399512,Relaxed,261946.28125,260610.71875,321225.59375,292775.78125,275328.09375,260526.140625,237918.421875,273405.84375
1771506929.4399512,Relaxed,261941.984375,260609.109375,321224.1875,292770.84375,275327.28125,260526.84375,237917.875,273407.71875
1771506929.4399512,Relaxed,261945.109375,260613.3125,321232.59375,292773.28125,275329.78125,260531.3125,237922.078125,273408.25
1771506929.464952,Relaxed,261946.359375,260615.984375,321234.8125,292776.40625,275332.46875,260533.203125,237923.6875,273409.3125
1771506929.464952,Relaxed,261947.796875,260620.09375,321239.09375,292786.21875,275336.5,260538.390625,237924.234375,273413.625
1771506929.464952,Relaxed,261944.125,260613.84375,321226.40625,292781.125,275332.375,260534.265625,237921.015625,273417.5625
1771506929.464952,Relaxed,261941.53125,260616.4375,321229.375,292768.34375,275335.25,260539.8125,237924.578125,273414.34375
1771506929.464952,Relaxed,261936.0,260617.6875,321231.59375,292768.875,275333.8125,260540.265625,237924.046875,273408.78125
1771506929.464952,Relaxed,261928.578125,260613.21875,321229.09375,292765.03125,275329.59375,260534.984375,237919.671875,273407.71875
1771506929.464952,Relaxed,261917.84375,260603.296875,321213.71875,292756.28125,275322.90625,260524.34375,237913.140625,273405.5625
1771506929.464952,Relaxed,261929.828125,260614.5625,321224.625,292773.8125,275330.9375,260536.234375,237918.859375,273399.75
1771506929.4900026,Relaxed,261922.578125,260614.46875,321219.625,292766.46875,275332.65625,260537.21875,237923.78125,273409.9375
1771506929.4900026,Relaxed,261919.28125,260617.0625,321220.34375,292762.0,275333.09375,260537.125,237926.375,273412.09375
1771506929.4900026,Relaxed,261935.546875,260628.59375,321231.59375,292771.84375,275340.875,260545.09375,237932.09375,273415.3125
1771506929.4900026,Relaxed,261932.78125,260627.515625,321227.3125,292784.53125,275338.625,260544.828125,237927.984375,273409.84375
1771506929.4900026,Relaxed,261916.953125,260615.625,321214.78125,292754.75,275329.59375,260538.5625,237914.484375,273394.84375
1771506929.4900026,Relaxed,261926.78125,260624.125,321223.71875,292754.125,275336.5,260543.390625,237921.453125,273401.8125
1771506929.5124097,Relaxed,261920.703125,260624.75,321231.59375,292747.0625,275339.53125,260549.015625,237923.328125,273409.6875
1771506929.5124097,Relaxed,261934.828125,260635.484375,321228.46875,292757.34375,275350.71875,260557.34375,237932.625,273418.1875
1771506929.5124097,Relaxed,261932.6875,260632.796875,321221.3125,292761.03125,275348.5625,260554.5625,237926.734375,273413.4375
1771506929.5124097,Relaxed,261920.703125,260626.890625,321230.78125,292752.6875,275341.125,260548.9375,237917.796875,273406.28125
1771506929.5124097,Relaxed,261905.59375,260618.3125,321209.25,292755.84375,275334.96875,260538.5625,237917.078125,273408.875
1771506929.5124097,Relaxed,261895.046875,260609.1875,321191.625,292722.65625,275329.59375,260533.828125,237911.53125,273413.4375
1771506929.5124097,Relaxed,261917.9375,260629.671875,321211.5625,292751.90625,275344.96875,260549.640625,237927.265625,273420.21875
1771506929.5355406,Relaxed,261919.0,260630.203125,321199.0625,292778.1875,275348.28125,260550.1875,237930.9375,273420.6875
1771506929.5355406,Relaxed,261891.921875,260605.890625,321174.8125,292735.34375,275331.3125,260533.375,237911.796875,273400.90625
1771506929.5355406,Relaxed,261886.375,260605.609375,321184.125,292730.0,275332.90625,260534.453125,237914.484375,273407.96875
1771506929.5355406,Relaxed,261917.578125,260633.78125,321210.0625,292762.53125,275355.4375,260555.109375,237939.78125,273414.25
1771506929.568088,Relaxed,261912.921875,260629.9375,321212.71875,292755.65625,275354.8125,260561.265625,237934.6875,273421.125
1771506929.568088,Relaxed,261879.75,260599.53125,321161.9375,292728.5625,275335.96875,260535.078125,237919.046875,273420.84375
1771506929.568088,Relaxed,261913.546875,260625.109375,321207.0,292751.625,275351.40625,260553.046875,237933.34375,273416.375
1771506929.568088,Relaxed,261921.15625,260634.859375,321221.6875,292768.875,275355.1875,260557.78125,237936.828125,273409.15625
1771506929.568088,Relaxed,261911.140625,260626.09375,321215.5,292731.6875,275350.15625,260554.390625,237929.0625,273406.90625
1771506929.568088,Relaxed,261906.84375,260628.59375,321203.78125,292737.6875,275355.96875,260560.015625,237935.046875,273427.375
1771506929.568088,Relaxed,261905.0625,260627.515625,321175.625,292750.75,275350.875,260552.234375,237931.921875,273411.8125
1771506929.601834,Relaxed,261894.0625,260615.90625,321162.125,292717.65625,275340.5,260541.78125,237918.234375,273403.78125
1771506929.601834,Relaxed,261890.03125,260614.109375,321172.3125,292714.53125,275337.46875,260540.53125,237915.46875,273402.4375
1771506929.601834,Relaxed,261879.484375,260611.78125,321183.0625,292708.0,275338.46875,260542.3125,237920.734375,273408.53125
1771506929.601834,Relaxed,261894.515625,260620.546875,321167.3125,292721.5,275346.78125,260543.75,237931.296875,273410.40625
1771506929.601834,Relaxed,261904.703125,260625.640625,321170.96875,292729.28125,275353.03125,260552.6875,237932.453125,273411.8125
1771506929.601834,Relaxed,261906.125,260621.984375,321166.78125,292730.15625,275347.40625,260545.890625,237926.828125,273406.0
1771506929.601834,Relaxed,261908.1875,260623.046875,321171.78125,292708.4375,275348.5625,260549.734375,237927.265625,273411.125
1771506929.601834,Relaxed,261900.140625,260619.65625,321161.21875,292717.46875,275344.0,260542.765625,237923.6875,273410.5
1771506929.6262045,Relaxed,261894.421875,260618.046875,321160.78125,292716.125,275343.03125,260541.609375,237921.359375,273410.3125
1771506929.6262045,Relaxed,261883.421875,260603.109375,321141.75,292695.3125,275331.84375,260529.984375,237907.59375,273405.125
1771506929.6262045,Relaxed,261895.046875,260613.484375,321157.375,292714.71875,275343.65625,260542.3125,237916.1875,273420.84375
1771506929.6262045,Relaxed,261914.265625,260629.3125,321167.75,292729.09375,275355.28125,260550.546875,237929.234375,273425.6875
1771506929.6262045,Relaxed,261906.484375,260619.390625,321154.71875,292714.53125,275343.90625,260541.0625,237919.75,273410.75
1771506929.6262045,Relaxed,261885.203125,260600.703125,321145.0625,292682.6875,275324.6875,260526.046875,237899.546875,273388.59375
1771506929.6262045,Relaxed,261892.0,260609.28125,321154.25,292694.125,275335.25,260536.59375,237910.8125,273402.78125
1771506929.6262045,Relaxed,261885.921875,260606.953125,321161.15625,292695.5625,275334.6875,260536.78125,237911.0,273409.6875
1771506929.650009,Relaxed,261882.609375,260607.140625,321151.5,292704.15625,275331.46875,260531.140625,237916.09375,273397.25
1771506929.650009,Relaxed,261892.984375,260617.953125,321148.8125,292713.1875,275339.0,260544.1875,237924.578125,273397.34375
1771506929.650009,Relaxed,261878.234375,260601.328125,321129.0625,292695.3125,275324.59375,260529.53125,237908.140625,273385.0
1771506929.6755676,Relaxed,261880.109375,260600.703125,321121.8125,292687.78125,275329.4375,260529.890625,237911.796875,273394.75
1771506929.6755676,Relaxed,261878.5,260598.828125,321125.28125,292684.03125,275328.96875,260533.828125,237908.046875,273397.15625
1771506929.6755676,Relaxed,261887.0,260606.15625,321129.59375,292689.125,275333.09375,260537.671875,237911.890625,273393.6875
1771506929.6755676,Relaxed,261883.515625,260606.515625,321127.0,292691.90625,275333.625,260535.171875,237915.90625,273393.59375
1771506929.6755676,Relaxed,261876.625,260603.296875,321114.84375,292699.3125,275330.40625,260531.59375,237915.375,273391.875
1771506929.6755676,Relaxed,261881.0,260606.421875,321125.46875,292682.0625,275331.3125,260536.5,237908.40625,273389.65625
1771506929.6755676,Relaxed,261884.859375,260612.6875,321132.09375,292683.5,275337.21875,260542.40625,237911.171875,273394.5625
1771506929.6755676,Relaxed,261874.65625,260609.546875,321122.25,292682.25,275336.40625,260538.03125,237912.0625,273392.875
1771506929.6755676,Relaxed,261887.09375,260620.015625,321145.6875,292696.28125,275342.5625,260542.40625,237920.921875,273392.4375
1771506929.7037487,Relaxed,261884.40625,260610.53125,321123.78125,292677.59375,275336.75,260536.0625,237911.625,273387.40625
1771506929.7037487,Relaxed,261883.0625,260606.6875,321101.34375,292681.90625,275333.1875,260527.203125,237907.59375,273385.8125
1771506929.7037487,Relaxed,261881.640625,260607.3125,321104.375,292693.875,275334.53125,260528.015625,237912.421875,273390.5625
1771506929.7037487,Relaxed,261880.46875,260602.390625,321107.40625,292665.0,275331.75,260528.28125,237906.890625,273389.375
1771506929.7037487,Relaxed,261890.390625,260612.765625,321117.96875,292683.6875,275337.21875,260530.875,237915.203125,273390.8125
1771506929.7037487,Relaxed,261895.3125,260618.3125,321114.46875,292682.15625,275341.9375,260533.28125,237920.5625,273391.625
1771506929.7037487,Relaxed,261896.65625,260620.28125,321111.0,292676.875,275345.53125,260536.421875,237921.09375,273393.40625
1771506929.7037487,Relaxed,261897.375,260623.046875,321108.125,292690.5625,275349.625,260538.46875,237925.03125,273398.59375
1771506929.7337356,Relaxed,261881.90625,260611.421875,321098.84375,292667.59375,275338.0,260528.28125,237914.484375,273391.09375
1771506929.7337356,Relaxed,261886.015625,260616.796875,321120.65625,292669.28125,275339.875,260533.109375,237918.5,273390.71875
1771506929.7337356,Relaxed,261889.6875,260618.140625,321122.4375,292668.65625,275343.46875,260536.953125,237921.453125,273395.28125
1771506929.7337356,Relaxed,261875.828125,260603.203125,321084.78125,292658.46875,275335.0625,260528.90625,237911.890625,273398.40625
1771506929.7337356,Relaxed,261876.359375,260604.640625,321091.125,292668.03125,275334.0,260529.984375,237911.796875,273396.09375
1771506929.755102,Relaxed,261876.09375,260602.484375,321092.9375,292667.3125,275328.4375,260524.703125,237908.84375,273395.09375
1771506929.755102,Relaxed,261853.65625,260584.0625,321084.4375,292630.125,275310.125,260510.84375,237889.53125,273382.5
1771506929.755102,Relaxed,261855.078125,260587.203125,321099.1875,292641.84375,275307.4375,260512.359375,237890.4375,273378.3125
1771506929.755102,Relaxed,261861.15625,260589.078125,321069.78125,292654.71875,275307.15625,260506.734375,237892.125,273380.09375
1771506929.755102,Relaxed,261863.84375,260591.21875,321068.875,292649.25,275310.375,260510.21875,237893.46875,273383.40625
1771506929.755102,Relaxed,261860.265625,260591.765625,321077.46875,292643.8125,275312.0,260511.65625,237894.28125,273385.375
1771506929.8025134,Relaxed,261851.5,260586.484375,321071.90625,292632.0,275307.6875,260505.296875,237890.4375,273377.75
1771506929.8025134,Relaxed,261849.171875,260582.90625,321060.84375,292625.84375,275305.65625,260499.9375,237887.21875,273367.3125
1771506929.8025134,Relaxed,261859.28125,260592.296875,321070.84375,292638.8125,275317.1875,260512.453125,237894.015625,273382.0625
1771506929.8025134,Relaxed,261870.640625,260599.453125,321076.9375,292638.34375,275324.875,260519.703125,237899.90625,273386.4375
1771506929.8025134,Relaxed,261873.40625,260601.859375,321082.28125,292640.59375,275327.09375,260523.0,237901.34375,273384.5625
1771506929.8025134,Relaxed,261871.078125,260603.109375,321077.5625,292643.1875,275329.6875,260524.609375,237905.359375,273392.78125
1771506929.8025134,Relaxed,261869.296875,260601.5,321077.28125,292634.875,275332.03125,260527.46875,237907.6875,273396.09375
1771506929.8025134,Relaxed,261883.953125,260611.875,321092.46875,292650.875,275340.96875,260536.234375,237914.65625,273398.25
1771506929.8025134,Relaxed,261899.6875,260623.40625,321097.21875,292666.96875,275351.25,260545.265625,237922.890625,273406.0
1771506929.8025134,Relaxed,261891.296875,260614.203125,321081.84375,292650.0625,275345.25,260540.4375,237917.875,273400.65625
1771506929.8025134,Relaxed,261887.890625,260612.59375,321076.375,292646.84375,275342.03125,260534.71875,237918.140625,273392.78125
1771506929.8025134,Relaxed,261900.234375,260625.203125,321091.9375,292655.96875,275353.9375,260546.078125,237927.53125,273395.28125
1771506929.8025134,Relaxed,261908.359375,260634.234375,321120.28125,292654.1875,275362.875,260559.578125,237929.953125,273403.15625
1771506929.8025134,Relaxed,261897.90625,260623.765625,321090.0625,292650.34375,275354.71875,260545.984375,237921.015625,273399.84375
1771506929.8262522,Relaxed,261886.546875,260614.296875,321065.03125,292650.15625,275346.15625,260535.25,237915.828125,273394.65625
1771506929.8262522,Relaxed,261882.34375,260609.640625,321066.5625,292627.34375,275340.5,260533.109375,237914.9375,273392.4375
1771506929.8262522,Relaxed,261878.5,260606.421875,321071.75,292629.15625,275334.15625,260529.078125,237910.1875,273390.0
1771506929.8262522,Relaxed,261878.859375,260603.375,321079.59375,292625.9375,275328.4375,260527.75,237902.234375,273386.78125
1771506929.8262522,Relaxed,261882.265625,260603.109375,321069.0625,292634.59375,275322.1875,260523.09375,237897.765625,273379.8125
1771506929.8630652,Relaxed,261883.515625,260601.6875,321046.25,292641.03125,275316.1875,260513.078125,237898.75,273376.5
1771506929.8630652,Relaxed,261870.453125,260588.453125,321038.21875,292612.5,275303.3125,260502.703125,237888.734375,273371.5
1771506929.8630652,Relaxed,261869.921875,260586.84375,321040.09375,292608.125,275298.84375,260501.28125,237885.0625,273369.53125
1771506929.8630652,Relaxed,261879.671875,260594.171875,321039.8125,292616.0,275302.875,260506.109375,237886.859375,273373.1875
1771506929.886219,Relaxed,261883.421875,260594.984375,321035.4375,292615.5625,275301.8125,260504.9375,237884.984375,273376.5
1771506929.886219,Relaxed,261886.546875,260601.0625,321040.53125,292620.90625,275301.875,260506.375,237889.984375,273375.625
1771506929.886219,Relaxed,261882.96875,260601.5,321041.0625,292609.21875,275296.25,260507.0,237891.328125,273373.65625
1771506929.886219,Relaxed,261886.375,260607.140625,321045.53125,292616.09375,275299.84375,260514.0625,237897.046875,273374.28125
1771506929.886219,Relaxed,261889.953125,260613.484375,321041.875,292630.21875,275309.40625,260521.125,237902.859375,273376.34375
1771506929.886219,Relaxed,261890.9375,260619.390625,321046.4375,292639.34375,275320.65625,260532.484375,237908.40625,273383.65625
1771506929.886219,Relaxed,261890.21875,260618.484375,321047.40625,292622.15625,275326.9375,260536.5,237911.4375,273386.15625
1771506929.886219,Relaxed,261887.0,260620.8125,321051.71875,292625.5625,275336.40625,260543.390625,237919.9375,273394.5625
1771506929.886219,Relaxed,261886.90625,260625.109375,321053.0625,292628.25,275343.375,260547.234375,237923.0625,273393.0625
1771506929.886219,Relaxed,261892.625,260632.703125,321052.96875,292637.8125,275351.5,260549.734375,237926.109375,273394.84375
1771506929.912488,Relaxed,261901.484375,260643.34375,321059.59375,292647.65625,275363.84375,260561.09375,237935.140625,273404.3125
1771506929.912488,Relaxed,261896.390625,260641.203125,321058.875,292638.96875,275363.03125,260557.34375,237935.5,273405.46875
1771506929.912488,Relaxed,261891.375,260636.1875,321054.75,292628.53125,275355.1875,260547.859375,237931.5625,273393.78125
1771506929.912488,Relaxed,261884.9375,260631.09375,321049.375,292623.15625,275351.5,260542.765625,237927.890625,273390.28125
1771506929.912488,Relaxed,261878.59375,260622.0625,321031.0625,292622.25,275348.03125,260535.875,237924.046875,273394.21875
1771506929.9450395,Relaxed,261880.203125,260617.6875,321035.34375,292617.96875,275347.65625,260536.234375,237922.078125,273396.34375
1771506929.9450395,Relaxed,261884.3125,260616.53125,321031.15625,292621.625,275345.625,260537.578125,237923.78125,273398.0625
1771506929.9450395,Relaxed,261872.6875,260603.203125,321020.34375,292595.0,275330.21875,260527.390625,237912.78125,273386.625
1771506929.9450395,Relaxed,261876.8125,260608.75,321034.90625,292605.0,275332.46875,260533.828125,237916.71875,273389.125
1771506929.9450395,Relaxed,261875.828125,260606.953125,321026.84375,292598.84375,275330.15625,260531.765625,237914.578125,273392.5
1771506929.9450395,Relaxed,261876.265625,260606.25,321017.375,292604.09375,275328.4375,260529.984375,237913.40625,273394.125
1771506929.9450395,Relaxed,261870.71875,260603.203125,321024.34375,292590.59375,275323.4375,260528.8125,237908.578125,273393.125
1771506929.9450395,Relaxed,261867.15625,260598.109375,321012.46875,292588.09375,275317.53125,260520.765625,237907.78125,273385.1875
1771506929.9450395,Relaxed,261870.640625,260597.578125,321004.3125,292597.65625,275316.09375,260520.40625,237908.5,273382.3125
1771506929.9450395,Relaxed,261871.984375,260591.21875,320996.90625,292590.6875,275310.03125,260516.65625,237900.71875,273380.25
1771506929.9638865,Relaxed,261870.640625,260585.046875,320993.59375,292573.875,275304.46875,260513.96875,237892.3125,273380.4375
1771506929.9638865,Relaxed,261876.53125,260589.4375,320996.53125,292584.875,275302.25,260511.5625,237893.5625,273378.21875
1771506929.9638865,Relaxed,261876.0,260590.859375,320994.03125,292585.96875,275298.75,260505.921875,237893.109375,273371.9375
1771506929.9638865,Relaxed,261877.609375,260592.203125,320989.75,292573.1875,275300.90625,260506.375,237893.375,273377.5
1771506929.9912653,Relaxed,261885.03125,260601.0625,320992.875,292583.09375,275311.0,260515.3125,237897.40625,273381.0625
1771506929.9912653,Relaxed,261891.734375,260607.9375,320993.96875,292594.71875,275319.78125,260519.34375,237903.671875,273382.78125
1771506929.9912653,Relaxed,261889.234375,260608.125,320994.84375,292592.21875,275324.40625,260521.84375,237908.21875,273381.875
1771506929.9912653,Relaxed,261884.671875,260607.578125,320999.9375,292582.03125,275326.75,260524.25,237909.75,273377.3125
1771506929.9912653,Relaxed,261890.390625,260615.453125,321015.0625,292589.96875,275338.0,260537.125,237918.953125,273383.40625
1771506929.9912653,Relaxed,261889.5,260613.21875,321013.625,292593.8125,275342.5625,260540.703125,237920.921875,273386.875
1771506929.9912653,Relaxed,261883.25,260604.453125,321000.65625,292585.96875,275341.75,260534.984375,237917.703125,273387.875
1771506929.9912653,Relaxed,261880.5625,260601.5,320992.4375,292581.3125,275340.5,260528.8125,237919.75,273383.5625
1771506929.9912653,Relaxed,261882.96875,260604.640625,320998.96875,292578.625,275340.34375,260528.734375,237921.71875,273378.21875
1771506930.0113895,Relaxed,261885.484375,260606.875,320993.78125,292579.53125,275338.53125,260525.515625,237920.828125,273375.78125
1771506930.0113895,Relaxed,261880.46875,260598.28125,320972.5,292576.3125,275328.71875,260511.734375,237911.796875,273372.03125
1771506930.0113895,Relaxed,261887.0,260600.96875,320981.34375,292569.34375,275327.71875,260514.15625,237908.40625,273371.6875
1771506930.0113895,Relaxed,261886.28125,260600.703125,320980.53125,292570.21875,275323.78125,260511.03125,237908.3125,273367.65625
1771506930.0113895,Relaxed,261877.515625,260588.09375,320964.09375,292562.71875,275308.25,260493.859375,237898.125,273357.46875
1771506930.0399776,Relaxed,261871.890625,260579.875,320962.03125,292551.0,275298.3125,260486.890625,237888.546875,273353.8125
1771506930.0399776,Relaxed,261877.4375,260583.71875,320956.65625,292555.5625,275301.96875,260493.59375,237890.609375,273360.59375
1771506930.0399776,Relaxed,261890.84375,260596.140625,320975.28125,292566.03125,275312.53125,260510.046875,237900.09375,273376.875
1771506930.0399776,Relaxed,261900.859375,260608.03125,320992.0,292580.6875,275320.125,260520.328125,237907.59375,273382.6875
1771506930.0399776,Relaxed,261897.015625,260608.921875,320984.5625,292572.5625,275322.0,260519.703125,237911.984375,273389.90625
1771506930.0399776,Relaxed,261896.296875,260612.59375,320985.28125,292568.25,275328.625,260528.734375,237916.53125,273400.5625
1771506930.0644276,Relaxed,261895.046875,260612.140625,320987.6875,292564.3125,275331.46875,260533.640625,237913.140625,273404.75
1771506930.0644276,Relaxed,261890.578125,260610.09375,320985.1875,292560.3125,275330.40625,260533.015625,237910.546875,273404.21875
1771506930.0644276,Relaxed,261883.78125,260606.421875,320969.1875,292554.21875,275328.1875,260525.0625,237909.390625,273397.875
1771506930.0644276,Relaxed,261872.96875,260597.390625,320956.59375,292547.0625,275320.40625,260512.8125,237904.296875,273385.28125
1771506930.0644276,Relaxed,261869.109375,260594.171875,320956.03125,292543.03125,275318.25,260510.40625,237901.078125,273379.5625
1771506930.087554,Relaxed,261864.375,260590.6875,320948.8125,292537.40625,275318.59375,260509.0625,237899.015625,273377.84375
1771506930.087554,Relaxed,261858.65625,260588.359375,320945.0625,292537.5,275320.40625,260509.5,237900.625,273377.75
1771506930.087554,Relaxed,261860.984375,260592.296875,320950.15625,292543.59375,275325.125,260515.5,237907.953125,273379.5625
1771506930.087554,Relaxed,261863.03125,260595.515625,320949.6875,292543.9375,275328.0,260518.0,237912.875,273377.75
1771506930.087554,Relaxed,261862.140625,260595.15625,320956.59375,292539.46875,275328.71875,260520.046875,237912.0625,273380.0
1771506930.087554,Relaxed,261868.484375,260600.15625,320961.78125,292552.6875,275334.15625,260526.046875,237916.09375,273382.6875
1771506930.087554,Relaxed,261867.421875,260596.671875,320946.3125,292556.625,275332.03125,260524.078125,237914.578125,273381.15625
1771506930.087554,Relaxed,261866.078125,260596.765625,320947.65625,292543.75,275331.03125,260525.0625,237913.953125,273384.03125
1771506930.1444926,Relaxed,261868.484375,260601.421875,320952.03125,292548.0625,275331.3125,260526.3125,237916.8125,273374.1875
1771506930.1444926,Relaxed,261866.703125,260600.4375,320949.59375,292543.75,275329.0625,260525.328125,237914.84375,273374.46875
1771506930.1444926,Relaxed,261861.34375,260592.828125,320943.625,292525.59375,275323.09375,260522.296875,237905.453125,273375.0
1771506930.1444926,Relaxed,261861.875,260584.609375,320923.3125,292525.875,275314.3125,260507.625,237898.5625,273370.25
1771506930.1444926,Relaxed,261871.359375,260590.6875,320935.125,292530.96875,275315.46875,260510.75,237901.078125,273368.1875
1771506930.1444926,Relaxed,261875.28125,260595.328125,320941.28125,292538.46875,275316.09375,260510.671875,237904.921875,273364.53125
1771506930.1724591,Relaxed,261872.25,260588.984375,320930.65625,292524.53125,275309.9375,260504.40625,237900.265625,273367.03125
1771506930.1724591,Relaxed,261878.6875,260591.40625,320928.5,292529.28125,275311.1875,260504.40625,237899.90625,273370.625
1771506930.1724591,Relaxed,261884.859375,260595.25,320937.53125,292532.84375,275312.15625,260505.65625,237898.75,273366.84375
1771506930.1724591,Relaxed,261882.96875,260594.796875,320931.0,292527.65625,275311.90625,260506.375,237899.28125,273370.15625
1771506930.1724591,Relaxed,261880.734375,260597.03125,320932.4375,292536.15625,275314.5,260507.8125,237904.296875,273371.5
1771506930.1724591,Relaxed,261880.5625,260599.1875,320944.78125,292528.8125,275320.21875,260514.953125,237906.078125,273376.40625
1771506930.1724591,Relaxed,261882.53125,260601.859375,320933.25,292526.875,275328.1875,260520.234375,237909.65625,273385.1875
1771506930.1724591,Relaxed,261884.578125,260605.171875,320931.0,292540.4375,275332.1875,260522.640625,237911.984375,273386.53125
1771506930.1724591,Relaxed,261888.703125,260607.671875,320943.09375,292530.78125,275333.8125,260526.765625,237913.671875,273381.0625
1771506930.1724591,Relaxed,261880.109375,260604.90625,320947.1875,292523.8125,275334.34375,260526.671875,237916.53125,273378.03125
1771506930.1724591,Relaxed,261868.84375,260593.1875,320915.625,292514.4375,275326.9375,260512.984375,237912.34375,273373.75
1771506930.1724591,Relaxed,261876.984375,260600.15625,320918.84375,292525.15625,275333.625,260519.515625,237917.25,273380.96875
1771506930.1724591,Relaxed,261877.4375,260600.609375,320922.15625,292522.3125,275334.78125,260523.71875,237914.578125,273382.40625
1771506930.1981091,Relaxed,261876.265625,260598.46875,320914.75,292523.0,275331.75,260519.609375,237913.859375,273381.4375
1771506930.1981091,Relaxed,261869.5625,260594.53125,320913.3125,292514.34375,275326.03125,260513.890625,237911.890625,273374.46875
1771506930.1981091,Relaxed,261873.765625,260598.640625,320920.09375,292523.46875,275326.3125,260513.703125,237913.671875,273371.25
1771506930.1981091,Relaxed,261874.21875,260594.171875,320905.0,292514.0625,275324.25,260510.578125,237911.078125,273376.34375
1771506930.1981091,Relaxed,261874.484375,260594.078125,320908.03125,292507.1875,275325.9375,260513.890625,237910.109375,273376.0625
1771506930.1981091,Relaxed,261875.90625,260596.234375,320907.84375,292512.03125,275326.21875,260513.53125,237912.515625,273377.3125
1771506930.1981091,Relaxed,261875.015625,260597.84375,320911.625,292514.0625,275325.9375,260516.125,237914.21875,273377.84375
1771506930.2224965,Relaxed,261869.828125,260598.46875,320909.8125,292514.25,275324.15625,260516.203125,237912.609375,273372.9375
1771506930.2224965,Relaxed,261862.234375,260594.4375,320911.625,292500.84375,275321.5625,260515.3125,237906.34375,273372.5
1771506930.2224965,Relaxed,261866.703125,260591.484375,320904.90625,292502.1875,275319.3125,260514.59375,237905.28125,273374.0
1771506930.2224965,Relaxed,261866.703125,260586.390625,320892.65625,292495.125,275312.34375,260509.6875,237900.625,273368.03125
1771506930.2224965,Relaxed,261868.84375,260589.53125,320891.5,292497.0,275313.875,260507.625,237905.546875,273365.25
1771506930.2224965,Relaxed,261870.90625,260591.046875,320892.9375,292497.0,275313.78125,260507.453125,237905.546875,273365.0625
1771506930.2224965,Relaxed,261876.890625,260594.984375,320891.6875,292499.6875,275316.46875,260510.75,237904.375,273368.90625
1771506930.2224965,Relaxed,261877.25,260593.09375,320889.15625,292492.53125,275313.6875,260509.0625,237898.390625,273368.09375
1771506930.2474246,Relaxed,261876.359375,260592.03125,320883.28125,292496.1875,275310.90625,260505.03125,237897.140625,273366.125
1771506930.2474246,Relaxed,261876.71875,260593.71875,320893.0,292487.25,275310.75,260506.734375,237896.15625,273364.09375
1771506930.2474246,Relaxed,261879.484375,260594.703125,320886.65625,292490.125,275311.625,260506.46875,237894.8125,273363.71875
1771506930.2474246,Relaxed,261878.953125,260593.546875,320877.8125,292488.15625,275313.875,260505.84375,237893.46875,273365.0625
1771506930.2474246,Relaxed,261880.734375,260597.125,320884.34375,292492.78125,275319.6875,260510.578125,237896.515625,273369.09375
1771506930.2474246,Relaxed,261883.15625,260604.28125,320892.65625,292503.625,275328.4375,260519.96875,237905.8125,273374.53125
1771506930.2689383,Relaxed,261886.109375,260609.8125,320894.71875,292508.71875,275333.53125,260525.328125,237910.90625,273371.59375
1771506930.2689383,Relaxed,261884.578125,260609.28125,320889.625,292510.9375,275336.40625,260527.390625,237913.40625,273375.09375
1771506930.2689383,Relaxed,261879.125,260605.4375,320882.8125,292497.90625,275337.125,260529.703125,237910.453125,273378.3125
1771506930.2689383,Relaxed,261876.53125,260601.859375,320880.6875,292488.5,275336.21875,260526.84375,237909.5625,273380.09375
1771506930.2930977,Relaxed,261875.28125,260601.59375,320890.96875,292491.0,275335.25,260527.390625,237913.59375,273382.3125
1771506930.2930977,Relaxed,261874.03125,260602.84375,320899.71875,292489.9375,275334.25,260527.296875,237916.984375,273380.09375
1771506930.2930977,Relaxed,261866.34375,260593.90625,320868.15625,292482.6875,275328.1875,260519.609375,237913.140625,273374.71875
1771506930.2930977,Relaxed,261858.484375,260584.34375,320857.4375,292470.8125,275321.65625,260514.25,237902.0625,273372.3125
1771506930.2930977,Relaxed,261861.25,260584.0625,320860.46875,292468.03125,275321.125,260513.4375,237900.453125,273375.625
1771506930.2930977,Relaxed,261867.78125,260588.8125,320869.21875,292476.53125,275321.65625,260514.875,237904.296875,273372.03125
1771506930.318754,Relaxed,261865.1875,260588.625,320866.375,292476.875,275318.59375,260511.203125,237903.84375,273369.96875
1771506930.318754,Relaxed,261857.765625,260583.0,320856.96875,292453.90625,275314.84375,260508.078125,237898.65625,273373.03125
1771506930.318754,Relaxed,261860.625,260583.265625,320846.96875,292459.53125,275313.5,260502.703125,237897.765625,273374.09375
1771506930.318754,Relaxed,261869.109375,260590.953125,320856.28125,292472.78125,275318.78125,260509.6875,237901.15625,273376.0625
1771506930.318754,Relaxed,261870.8125,260591.21875,320858.3125,292472.0625,275316.71875,260509.421875,237899.375,273372.21875
1771506930.318754,Relaxed,261869.5625,260589.875,320857.4375,292473.21875,275314.75,260509.5,237899.109375,273370.78125
1771506930.318754,Relaxed,261871.171875,260591.578125,320857.6875,292475.53125,275315.03125,260512.015625,237901.078125,273371.25
1771506930.3499973,Relaxed,261872.875,260588.984375,320860.125,292456.40625,275311.8125,260512.546875,237893.921875,273365.5
1771506930.3499973,Relaxed,261875.203125,260589.609375,320852.6875,292459.0,275314.0625,260513.890625,237893.921875,273367.5625
1771506930.3499973,Relaxed,261880.921875,260593.640625,320858.0625,292460.4375,275318.875,260517.734375,237899.28125,273368.90625
1771506930.3499973,Relaxed,261876.625,260591.3125,320849.75,292461.9375,275316.375,260513.890625,237901.078125,273364.4375
1771506930.3499973,Relaxed,261878.328125,260592.203125,320847.59375,292461.25,275316.1875,260511.65625,237902.234375,273358.625
1771506930.3499973,Relaxed,261878.765625,260590.953125,320851.15625,292458.90625,275315.03125,260510.046875,237896.6875,273359.6875
1771506930.3499973,Relaxed,261880.203125,260591.9375,320850.625,292456.59375,275317.53125,260513.34375,237895.796875,273360.5
1771506930.3499973,Relaxed,261879.84375,260590.5,320835.25,292453.1875,275317.4375,260508.703125,237897.671875,273359.4375
1771506930.3774412,Relaxed,261871.703125,260584.15625,320827.46875,292444.34375,275313.0625,260502.796875,237895.078125,273353.71875
1771506930.3774412,Relaxed,261871.625,260586.75,320837.3125,292443.8125,275315.46875,260505.578125,237897.140625,273352.375
1771506930.3774412,Relaxed,261864.921875,260584.0625,320832.5625,292438.15625,275317.09375,260505.03125,237894.28125,273353.71875
1771506930.3774412,Relaxed,261868.484375,260591.765625,320849.84375,292442.625,275325.3125,260513.265625,237899.109375,273359.875
1771506930.3774412,Relaxed,261867.78125,260595.0625,320836.0625,292456.125,275330.84375,260518.359375,237905.28125,273366.9375
1771506930.3774412,Relaxed,261858.03125,260588.0,320828.28125,292438.09375,275325.3125,260509.0625,237902.6875,273364.625
1771506930.3774412,Relaxed,261857.140625,260586.125,320827.65625,292439.34375,275323.71875,260508.609375,237903.484375,273361.3125
1771506930.4005213,Relaxed,261856.875,260582.375,320815.40625,292435.84375,275321.90625,260508.15625,237899.90625,273361.21875
1771506930.4005213,Relaxed,261861.78125,260584.34375,320820.15625,292431.09375,275324.59375,260511.296875,237901.609375,273368.1875
1771506930.4005213,Relaxed,261863.03125,260584.15625,320818.90625,292433.6875,275323.625,260512.1875,237904.46875,273369.0
1771506930.4005213,Relaxed,261862.234375,260583.890625,320822.125,292432.71875,275323.15625,260515.765625,237905.984375,273372.125
1771506930.425647,Relaxed,261865.09375,260586.578125,320824.71875,292437.09375,275323.0,260515.5,237907.328125,273372.03125
1771506930.425647,Relaxed,261864.46875,260584.875,320821.3125,292433.59375,275319.0625,260513.171875,237901.875,273372.40625
1771506930.425647,Relaxed,261862.859375,260582.109375,320812.09375,292424.40625,275315.46875,260509.0625,237896.15625,273372.5625
1771506930.425647,Relaxed,261867.0625,260587.734375,320818.28125,292430.5625,275318.4375,260511.296875,237899.109375,273374.1875
1771506930.425647,Relaxed,261874.296875,260596.5,320821.125,292439.0625,275321.1875,260514.328125,237905.1875,273373.125
1771506930.425647,Relaxed,261879.125,260599.8125,320825.6875,292434.875,275318.4375,260510.671875,237902.953125,273367.5625
1771506930.425647,Relaxed,261881.8125,260600.515625,320818.34375,292434.5,275319.875,260512.984375,237899.640625,273369.34375
1771506930.425647,Relaxed,261880.46875,260598.46875,320815.3125,292434.40625,275319.78125,260512.90625,237897.3125,273368.71875
1771506930.4500084,Relaxed,261879.125,260594.359375,320810.3125,292432.90625,275317.09375,260508.078125,237895.265625,273363.90625
1771506930.4500084,Relaxed,261875.109375,260591.671875,320817.375,292423.0625,275315.9375,260508.078125,237893.734375,273359.0
1771506930.4500084,Relaxed,261872.515625,260588.09375,320808.0625,292418.9375,275313.4375,260502.171875,237891.5,273357.1875
1771506930.4500084,Relaxed,261869.5625,260584.609375,320791.34375,292428.6875,275313.6875,260499.21875,237891.328125,273359.625
1771506930.4500084,Relaxed,261863.484375,260580.3125,320786.34375,292416.8125,275315.65625,260502.078125,237890.15625,273365.0625
1771506930.4500084,Relaxed,261864.640625,260583.625,320792.0625,292415.46875,275320.21875,260506.828125,237896.328125,273367.75
1771506930.472596,Relaxed,261863.484375,260583.984375,320791.625,292420.8125,275319.78125,260504.765625,237902.234375,273365.96875
1771506930.472596,Relaxed,261853.734375,260574.5,320784.125,292400.0,275314.40625,260499.3125,237898.921875,273366.40625
1771506930.472596,Relaxed,261849.0,260569.40625,320777.5,292395.0625,275313.59375,260500.296875,237895.625,273368.65625
1771506930.472596,Relaxed,261850.96875,260567.625,320771.34375,292400.25,275314.21875,260497.25,237894.015625,273371.3125
1771506930.472596,Relaxed,261857.140625,260574.328125,320782.25,292400.25,275319.6875,260504.765625,237899.546875,273373.03125
1771506930.472596,Relaxed,261867.328125,260586.84375,320796.53125,292412.59375,275326.84375,260514.328125,237909.296875,273376.5
1771506930.472596,Relaxed,261866.875,260587.46875,320802.90625,292401.59375,275324.25,260514.15625,237905.984375,273370.96875
1771506930.4977467,Relaxed,261859.546875,260582.734375,320790.09375,292397.5625,275321.75,260511.296875,237900.265625,273369.4375
1771506930.5205622,Relaxed,261863.3125,260585.953125,320786.09375,292410.71875,275324.6875,260508.515625,237902.40625,273373.03125
1771506930.5205622,Relaxed,261865.71875,260587.109375,320789.375,292400.09375,275324.6875,260511.203125,237901.421875,273372.03125
1771506930.5205622,Relaxed,261866.53125,260586.3125,320782.5,292404.8125,275322.0,260509.5,237902.953125,273369.96875
1771506930.5205622,Relaxed,261869.109375,260589.609375,320794.21875,292411.71875,275321.28125,260509.421875,237902.5,273366.84375
1771506930.5205622,Relaxed,261860.359375,260582.375,320774.28125,292396.40625,275316.375,260506.734375,237894.09375,273367.46875
1771506930.5205622,Relaxed,261858.65625,260578.609375,320766.5,292392.03125,275310.28125,260500.296875,237888.90625,273364.34375
1771506930.5205622,Relaxed,261853.296875,260572.453125,320760.96875,292381.21875,275301.0,260492.421875,237880.515625,273357.65625
1771506930.5205622,Relaxed,261847.921875,260570.21875,320759.96875,292378.625,275296.09375,260486.796875,237878.265625,273351.84375
1771506930.5205622,Relaxed,261847.75,260574.6875,320761.0625,292387.28125,275300.28125,260489.5625,237885.25,273354.59375
1771506930.5379796,Relaxed,261845.421875,260574.5,320758.90625,292384.15625,275304.65625,260493.40625,237888.109375,273360.15625
1771506930.5379796,Relaxed,261846.59375,260577.28125,320755.3125,292381.65625,275312.71875,260498.5,237894.1875,273364.875
1771506930.5379796,Relaxed,261844.625,260574.765625,320747.625,292383.53125,275313.15625,260496.09375,237896.78125,273362.46875
1771506930.5379796,Relaxed,261845.6875,260576.375,320750.84375,292383.09375,275315.65625,260497.875,237900.625,273364.34375
1771506930.5669522,Relaxed,261848.109375,260579.78125,320757.28125,292383.1875,275319.40625,260501.640625,237901.96875,273364.0
1771506930.5669522,Relaxed,261853.46875,260584.96875,320761.59375,292387.90625,275324.96875,260505.03125,237903.125,273367.21875
1771506930.5669522,Relaxed,261868.484375,260597.484375,320771.15625,292398.03125,275335.15625,260514.78125,237909.65625,273368.03125
1771506930.5669522,Relaxed,261870.90625,260600.4375,320764.34375,292400.71875,275339.1875,260518.71875,237912.875,273370.34375
1771506930.5669522,Relaxed,261870.09375,260602.484375,320771.59375,292394.09375,275340.5,260521.9375,237912.515625,273372.5625
1771506930.5669522,Relaxed,261870.453125,260598.640625,320765.25,292383.625,275335.59375,260510.578125,237908.046875,273367.84375
1771506930.5906339,Relaxed,261867.328125,260592.390625,320757.46875,292377.625,275333.09375,260509.421875,237904.015625,273365.59375
1771506930.5906339,Relaxed,261867.15625,260591.765625,320756.40625,292380.59375,275335.25,260513.96875,237905.625,273371.0625
1771506930.5906339,Relaxed,261862.046875,260588.625,320753.375,292371.46875,275333.0,260513.4375,237904.203125,273370.4375
1771506930.5906339,Relaxed,261858.5625,260590.59375,320764.625,292377.1875,275331.9375,260517.28125,237907.78125,273369.96875
1771506930.5906339,Relaxed,261848.828125,260580.3125,320745.40625,292367.96875,275322.46875,260507.8125,237902.0625,273369.1875
1771506930.5906339,Relaxed,261852.84375,260583.265625,320755.6875,292374.15625,275321.46875,260509.59375,237900.09375,273365.96875
1771506930.5906339,Relaxed,261849.71875,260575.21875,320739.9375,292353.5,275315.03125,260505.21875,237892.21875,273365.96875
1771506930.636845,Relaxed,261848.90625,260571.90625,320741.125,292343.5625,275312.09375,260505.390625,237890.078125,273365.6875
1771506930.636845,Relaxed,261855.078125,260575.484375,320738.78125,292356.375,275312.8125,260507.71875,237894.984375,273363.90625
1771506930.636845,Relaxed,261856.328125,260576.375,320747.46875,292355.75,275309.5,260507.1875,237890.609375,273353.34375
1771506930.636845,Relaxed,261856.953125,260576.015625,320739.59375,292354.03125,275308.9375,260503.515625,237888.640625,273353.53125
1771506930.636845,Relaxed,261860.0,260581.921875,320736.1875,292366.375,275313.96875,260504.234375,237893.46875,273358.8125
1771506930.636845,Relaxed,261866.53125,260592.828125,320739.3125,292376.375,275321.90625,260512.359375,237900.796875,273364.25
1771506930.636845,Relaxed,261867.953125,260598.828125,320749.4375,292369.875,275323.875,260515.140625,237902.859375,273359.0
1771506930.636845,Relaxed,261868.3125,260600.515625,320749.4375,292363.25,275325.5,260514.78125,237902.6875,273356.3125
1771506930.636845,Relaxed,261877.15625,260609.109375,320751.03125,292374.96875,275334.625,260522.5625,237907.421875,273362.5625
1771506930.636845,Relaxed,261872.515625,260604.1875,320744.96875,292366.90625,275332.46875,260521.75,237901.34375,273358.09375
1771506930.636845,Relaxed,261867.0625,260597.484375,320735.03125,292360.90625,275327.8125,260515.3125,237898.03125,273351.375
1771506930.662525,Relaxed,261867.953125,260600.609375,320735.3125,292367.1875,275330.84375,260517.734375,237904.640625,273355.40625
1771506930.662525,Relaxed,261876.265625,260614.109375,320741.65625,292383.90625,275345.6875,260532.296875,237920.5625,273367.3125
1771506930.662525,Relaxed,261885.390625,260626.1875,320752.8125,292384.4375,275361.6875,260546.609375,237932.1875,273384.125
1771506930.662525,Relaxed,261885.921875,260622.15625,320756.84375,292376.46875,275361.53125,260546.421875,237929.953125,273391.53125
1771506930.662525,Relaxed,261891.734375,260622.15625,320753.90625,292380.84375,275362.5,260546.515625,237934.15625,273397.4375
1771506930.662525,Relaxed,261894.421875,260631.015625,320758.8125,292391.21875,275370.03125,260551.890625,237946.046875,273405.9375
1771506930.662525,Relaxed,261881.984375,260621.4375,320754.875,292378.4375,275360.8125,260542.671875,237938.265625,273403.78125
1771506930.662525,Relaxed,261874.390625,260607.140625,320731.8125,292357.25,275350.25,260533.109375,237926.109375,273402.71875
1771506930.662525,Relaxed,261868.40625,260599.453125,320729.5,292351.96875,275340.6875,260523.71875,237916.09375,273398.78125
1771506930.6874466,Relaxed,261857.21875,260586.484375,320717.15625,292341.0625,275323.78125,260508.15625,237902.0625,273380.90625
1771506930.6874466,Relaxed,261853.375,260582.015625,320709.46875,292348.3125,275315.03125,260499.3125,237898.84375,273367.9375
1771506930.6874466,Relaxed,261846.9375,260575.3125,320703.125,292334.28125,275306.375,260491.53125,237893.03125,273356.5625
1771506930.6874466,Relaxed,261847.125,260575.578125,320703.5625,292324.71875,275309.03125,260498.6875,237891.6875,273357.1875
1771506930.6874466,Relaxed,261849.890625,260577.359375,320702.03125,292331.6875,275308.875,260499.84375,237889.1875,273352.8125
1771506930.707583,Relaxed,261856.953125,260582.28125,320708.03125,292336.59375,275312.25,260502.984375,237893.734375,273351.21875
1771506930.707583,Relaxed,261864.828125,260590.78125,320722.25,292335.96875,275320.125,260512.71875,237901.875,273356.21875
1771506930.707583,Relaxed,261867.421875,260592.5625,320721.8125,292341.34375,275322.46875,260513.796875,237904.46875,273357.90625
1771506930.707583,Relaxed,261864.46875,260588.359375,320708.46875,292331.15625,275321.5625,260512.28125,237901.78125,273357.5625
1771506930.707583,Relaxed,261870.453125,260593.546875,320712.40625,292333.375,275327.1875,260518.09375,237904.921875,273360.3125
1771506930.707583,Relaxed,261869.75,260592.828125,320708.375,292327.5625,275328.09375,260517.8125,237904.296875,273362.84375
1771506930.7550418,Concentrated,261870.1875,260594.171875,320713.21875,292328.46875,275326.5625,260516.5625,237905.359375,273359.4375
1771506930.7550418,Concentrated,261868.671875,260595.609375,320716.0,292322.125,275327.71875,260517.734375,237905.625,273362.65625
1771506930.7550418,Concentrated,261870.453125,260597.296875,320708.46875,292332.03125,275329.78125,260518.984375,237905.453125,273364.875
1771506930.7550418,Concentrated,261871.359375,260598.546875,320705.4375,292342.3125,275332.65625,260520.234375,237908.84375,273370.625
1771506930.7550418,Concentrated,261858.921875,260586.84375,320688.09375,292317.46875,275326.65625,260515.5,237903.578125,273365.15625
1771506930.7550418,Concentrated,261855.171875,260582.453125,320691.75,292316.5625,275323.25,260511.65625,237904.5625,273358.1875
1771506930.7550418,Concentrated,261852.9375,260580.40625,320696.9375,292316.03125,275322.0,260508.875,237905.1875,273355.6875
1771506930.7550418,Concentrated,261849.265625,260578.703125,320699.71875,292311.5625,275323.09375,260509.140625,237902.0625,273353.875
1771506930.7550418,Concentrated,261843.453125,260574.5,320680.21875,292311.3125,275323.15625,260505.578125,237900.890625,273357.03125
1771506930.7550418,Concentrated,261846.140625,260579.234375,320679.59375,292318.4375,275326.84375,260507.265625,237905.359375,273357.65625
1771506930.7550418,Concentrated,261849.453125,260585.671875,320680.40625,292328.09375,275329.6875,260509.234375,237911.890625,273358.375
1771506930.7550418,Concentrated,261849.984375,260586.9375,320682.5625,292316.40625,275327.90625,260508.609375,237910.109375,273356.40625
1771506930.7874966,Concentrated,261847.921875,260581.03125,320676.5625,292301.03125,275323.15625,260502.890625,237903.03125,273354.875
1771506930.7874966,Concentrated,261848.734375,260581.203125,320678.71875,292304.875,275326.03125,260506.734375,237902.859375,273359.53125
1771506930.7874966,Concentrated,261842.921875,260574.953125,320666.28125,292295.375,275322.625,260504.59375,237899.90625,273358.53125
1771506930.7874966,Concentrated,261842.03125,260574.953125,320667.25,292292.96875,275321.28125,260503.25,237902.0625,273355.0625
1771506930.7874966,Concentrated,261837.203125,260571.203125,320656.1875,292293.875,275316.8125,260496.453125,237900.171875,273346.90625
1771506930.7874966,Concentrated,261839.25,260572.265625,320653.03125,292300.9375,275318.4375,260496.71875,237899.8125,273350.75
1771506930.7874966,Concentrated,261845.328125,260576.015625,320658.21875,292302.1875,275321.125,260502.703125,237899.8125,273356.3125
1771506930.8150313,Concentrated,261842.390625,260573.875,320659.03125,292291.71875,275319.25,260503.875,237897.40625,273359.0
1771506930.8150313,Concentrated,261840.421875,260576.015625,320666.53125,292281.78125,275322.1875,260510.578125,237900.890625,273362.84375
1771506930.8150313,Concentrated,261843.015625,260583.171875,320676.03125,292290.03125,275329.15625,260522.203125,237907.328125,273368.03125
1771506930.8150313,Concentrated,261837.015625,260574.0625,320660.5625,292292.0625,275322.8125,260515.671875,237901.34375,273363.53125
1771506930.8150313,Concentrated,261842.921875,260574.765625,320668.25,292295.65625,275323.875,260516.125,237899.8125,273365.6875
1771506930.8150313,Concentrated,261840.0625,260574.328125,320661.09375,292293.59375,275326.75,260516.03125,237902.234375,273367.125
1771506930.8374481,Concentrated,261836.65625,260573.34375,320663.3125,292279.65625,275325.6875,260515.9375,237903.390625,273364.4375
1771506930.8374481,Concentrated,261840.234375,260577.0,320659.125,292291.90625,275327.375,260515.5,237907.859375,273363.71875
1771506930.8374481,Concentrated,261838.265625,260573.875,320656.96875,292277.40625,275324.6875,260512.71875,237901.609375,273362.5625
1771506930.8374481,Concentrated,261846.765625,260578.171875,320665.21875,292285.09375,275326.5625,260513.34375,237902.6875,273362.125
1771506930.8374481,Concentrated,261855.796875,260583.796875,320664.03125,292293.25,275330.0625,260515.40625,237908.9375,273364.875
1771506930.8374481,Concentrated,261846.59375,260573.875,320640.34375,292273.9375,275319.78125,260504.140625,237901.078125,273357.09375
1771506930.8374481,Concentrated,261845.515625,260572.71875,320639.1875,292274.28125,275318.25,260501.015625,237900.890625,273355.9375
1771506930.8374481,Concentrated,261842.5625,260570.75,320642.0625,292272.6875,275317.90625,260500.75,237899.546875,273353.09375
1771506930.8654995,Concentrated,261846.9375,260573.15625,320644.71875,292277.3125,275321.8125,260505.296875,237901.34375,273355.59375
1771506930.8654995,Concentrated,261857.046875,260580.21875,320646.6875,292287.59375,275330.0625,260514.25,237909.921875,273365.0625
1771506930.8654995,Concentrated,261853.296875,260578.078125,320645.09375,292273.21875,275327.09375,260509.859375,237908.9375,273363.8125
1771506930.8654995,Concentrated,261849.625,260574.953125,320643.21875,292264.71875,275322.1875,260505.578125,237903.578125,273360.5
1771506930.8654995,Concentrated,261851.328125,260571.109375,320636.5,292260.53125,275320.9375,260506.546875,237899.546875,273362.90625
1771506930.8886907,Concentrated,261859.640625,260574.328125,320639.375,292270.71875,275324.96875,260512.09375,237900.984375,273368.375
1771506930.8886907,Concentrated,261868.84375,260581.65625,320650.28125,292282.25,275330.59375,260520.859375,237907.234375,273369.90625
1771506930.8886907,Concentrated,261865.71875,260582.1875,320655.375,292278.75,275329.6875,260522.015625,237908.671875,273368.65625
1771506930.8886907,Concentrated,261858.65625,260576.734375,320646.53125,292261.9375,275323.34375,260511.921875,237903.125,273367.65625
1771506930.8886907,Concentrated,261858.828125,260576.5625,320634.8125,292256.6875,275323.71875,260509.328125,237900.984375,273368.375
1771506930.8886907,Concentrated,261857.9375,260576.109375,320621.5625,292259.4375,275326.375,260509.421875,237900.09375,273372.5
1771506930.8886907,Concentrated,261861.15625,260577.8125,320624.96875,292260.59375,275326.9375,260509.234375,237902.40625,273372.75
1771506930.8886907,Concentrated,261854.359375,260573.4375,320624.0,292252.125,275320.65625,260503.609375,237898.5625,273363.71875
1771506930.9170818,Concentrated,261860.53125,260580.9375,320626.84375,292265.4375,275327.625,260509.5,237906.609375,273367.21875
1771506930.9170818,Concentrated,261862.5,260582.28125,320626.5,292264.0,275329.78125,260512.015625,237907.234375,273368.90625
1771506930.9170818,Concentrated,261860.171875,260582.109375,320621.84375,292259.53125,275329.96875,260512.640625,237904.203125,273371.3125
1771506930.9170818,Concentrated,261860.359375,260583.71875,320620.84375,292263.65625,275329.53125,260511.203125,237905.984375,273369.96875
1771506930.941316,Concentrated,261858.921875,260584.515625,320625.96875,292264.375,275326.21875,260508.796875,237906.53125,273363.28125
1771506930.941316,Concentrated,261854.984375,260582.375,320620.21875,292258.46875,275325.03125,260506.546875,237905.0,273361.5
1771506930.941316,Concentrated,261854.984375,260580.578125,320614.78125,292253.90625,275324.15625,260505.65625,237901.96875,273362.125
1771506930.941316,Concentrated,261855.703125,260579.6875,320618.0,292250.15625,275321.5625,260505.65625,237897.140625,273357.90625
1771506930.941316,Concentrated,261857.21875,260582.734375,320619.15625,292256.3125,275325.125,260509.6875,237900.53125,273362.375
1771506930.941316,Concentrated,261857.765625,260583.890625,320616.9375,292254.78125,275324.5,260507.0,237904.015625,273360.25
1771506930.941316,Concentrated,261851.6875,260580.9375,320611.75,292256.125,275322.8125,260507.1875,237903.75,273357.375
1771506930.941316,Concentrated,261848.203125,260576.015625,320611.46875,292242.0,275319.59375,260503.6875,237896.59375,273356.125
1771506930.941316,Concentrated,261849.625,260576.296875,320608.53125,292241.125,275325.3125,260508.875,237897.765625,273366.125
1771506930.971848,Concentrated,261855.34375,260581.921875,320604.75,292249.96875,275330.21875,260512.1875,237902.953125,273362.75
1771506930.971848,Concentrated,261855.265625,260585.046875,320611.03125,292247.5625,275330.5,260510.046875,237906.4375,273354.34375
1771506930.971848,Concentrated,261858.390625,260590.0625,320610.9375,292247.8125,275335.40625,260516.125,237911.359375,273358.625
1771506930.971848,Concentrated,261865.0,260597.484375,320613.09375,292256.75,275342.5625,260524.078125,237916.453125,273364.875
1771506930.971848,Concentrated,261871.265625,260602.84375,320618.8125,292261.21875,275348.5625,260527.03125,237919.671875,273370.4375
1771506930.971848,Concentrated,261864.203125,260598.28125,320611.125,292255.0625,275346.5,260524.53125,237917.609375,273367.125
1771506930.9968135,Concentrated,261857.84375,260598.015625,320606.1875,292251.40625,275348.90625,260525.515625,237922.34375,273365.78125
1771506930.9968135,Concentrated,261847.65625,260596.40625,320604.6875,292248.625,275350.53125,260527.390625,237924.3125,273362.03125
1771506930.9968135,Concentrated,261847.390625,260587.734375,320598.5,292247.03125,275343.90625,260523.0,237916.625,273359.875
1771506930.9968135,Concentrated,261856.6875,260586.84375,320603.25,292247.03125,275344.0,260525.0625,237912.515625,273359.4375
1771506930.9968135,Concentrated,261862.140625,260591.9375,320614.0625,292247.5625,275348.65625,260529.359375,237917.34375,273364.0
1771506930.9968135,Concentrated,261863.03125,260587.921875,320605.46875,292233.4375,275342.5625,260522.109375,237915.5625,273365.0625
1771506930.9968135,Concentrated,261862.328125,260582.734375,320591.875,292226.625,275333.625,260513.265625,237907.953125,273358.4375
1771506931.022489,Concentrated,261870.1875,260586.9375,320592.53125,292229.21875,275336.03125,260515.3125,237907.421875,273362.125
1771506931.022489,Concentrated,261873.765625,260587.5625,320587.25,292232.1875,275335.96875,260515.5,237906.171875,273367.3125
1771506931.022489,Concentrated,261877.515625,260591.84375,320585.1875,292240.40625,275337.5625,260515.140625,237908.765625,273367.9375
1771506931.022489,Concentrated,261873.765625,260592.03125,320589.65625,292233.34375,275334.96875,260513.34375,237908.84375,273360.59375
1771506931.022489,Concentrated,261871.359375,260593.015625,320591.875,292231.90625,275335.3125,260514.875,237911.078125,273360.78125
1771506931.022489,Concentrated,261870.09375,260594.796875,320588.21875,292233.25,275336.59375,260514.421875,237910.90625,273361.3125
1771506931.022489,Concentrated,261869.03125,260597.125,320589.375,292233.0625,275341.125,260516.65625,237912.15625,273366.125
1771506931.04379,Concentrated,261872.15625,260604.453125,320595.46875,292249.15625,275348.5625,260525.859375,237921.453125,273369.71875
1771506931.04379,Concentrated,261869.296875,260601.859375,320593.3125,292239.78125,275343.1875,260517.1875,237919.578125,273359.0625
1771506931.04379,Concentrated,261872.96875,260605.609375,320605.3125,292240.21875,275343.65625,260520.859375,237919.40625,273359.15625
1771506931.04379,Concentrated,261872.0625,260604.546875,320610.21875,292230.03125,275343.09375,260524.609375,237915.203125,273361.75
1771506931.04379,Concentrated,261870.28125,260598.734375,320585.09375,292231.09375,275340.34375,260520.6875,237912.78125,273361.40625
1771506931.04379,Concentrated,261869.828125,260597.578125,320583.3125,292224.84375,275340.0625,260520.5,237912.421875,273358.375
1771506931.078097,Concentrated,261869.65625,260600.515625,320589.9375,292225.75,275342.3125,260522.203125,237916.8125,273357.65625
1771506931.078097,Concentrated,261862.859375,260596.59375,320580.4375,292222.15625,275339.96875,260517.28125,237916.09375,273358.375
1771506931.078097,Concentrated,261861.0625,260596.40625,320578.375,292222.34375,275343.375,260520.6875,237916.265625,273362.90625
1771506931.078097,Concentrated,261860.0,260595.328125,320578.9375,292220.28125,275345.625,260521.9375,237916.09375,273367.3125
1771506931.078097,Concentrated,261859.375,260594.4375,320577.9375,292221.4375,275344.4375,260520.953125,237916.625,273366.5
1771506931.078097,Concentrated,261854.1875,260589.875,320569.90625,292222.34375,275338.28125,260514.59375,237915.375,273361.59375
1771506931.1338289,Concentrated,261853.296875,260587.015625,320565.6875,292210.71875,275334.96875,260512.1875,237912.0625,273354.6875
1771506931.1338289,Concentrated,261857.5,260589.4375,320566.3125,292215.46875,275335.6875,260514.421875,237910.640625,273354.59375
1771506931.1338289,Concentrated,261864.640625,260595.609375,320572.40625,292210.90625,275342.21875,260521.84375,237912.34375,273360.78125
1771506931.1338289,Concentrated,261866.078125,260599.0,320570.15625,292212.3125,275345.15625,260521.125,237916.265625,273363.1875
1771506931.1338289,Concentrated,261868.40625,260603.734375,320573.125,292213.65625,275348.5625,260521.75,237923.0625,273365.5
1771506931.1338289,Concentrated,261872.515625,260610.359375,320577.0625,292215.46875,275354.625,260526.84375,237928.15625,273366.21875
1771506931.1338289,Concentrated,261871.796875,260608.03125,320567.5625,292212.78125,275354.625,260525.859375,237925.390625,273367.125
1771506931.1338289,Concentrated,261875.90625,260609.375,320568.90625,292212.6875,275358.5625,260529.890625,237926.46875,273370.15625
1771506931.1338289,Concentrated,261879.578125,260611.875,320571.6875,292214.75,275363.3125,260534.265625,237931.015625,273374.71875
1771506931.1563034,Concentrated,261871.4375,260604.28125,320561.03125,292205.4375,275357.15625,260528.015625,237927.09375,273370.25
1771506931.1563034,Concentrated,261868.21875,260602.484375,320558.0,292202.75,275353.9375,260526.40625,237925.65625,273366.59375
1771506931.1563034,Concentrated,261868.40625,260604.359375,320555.875,292203.125,275355.34375,260528.546875,237923.609375,273366.5
1771506931.1563034,Concentrated,261876.09375,260608.296875,320557.03125,292206.875,275356.15625,260528.734375,237922.0,273369.53125
1771506931.1563034,Concentrated,261878.6875,260610.53125,320566.3125,292204.625,275355.71875,260529.359375,237919.21875,273367.5625
1771506931.1563034,Concentrated,261874.578125,260607.046875,320552.375,292201.96875,275353.03125,260527.296875,237920.296875,273365.78125
1771506931.1563034,Concentrated,261879.671875,260612.859375,320563.1875,292209.1875,275356.0625,260531.765625,237925.296875,273367.5625
1771506931.1563034,Concentrated,261878.0625,260610.4375,320552.375,292215.1875,275353.03125,260528.28125,237922.625,273369.53125
1771506931.1563034,Concentrated,261876.890625,260604.8125,320540.9375,292202.65625,275346.59375,260519.078125,237916.265625,273367.125
1771506931.1563034,Concentrated,261877.078125,260607.046875,320542.8125,292212.3125,275345.34375,260517.640625,237918.78125,273361.59375
1771506931.190646,Concentrated,261861.78125,260593.453125,320533.0625,292182.71875,275334.625,260509.421875,237910.453125,273355.59375
1771506931.190646,Concentrated,261856.328125,260589.171875,320529.5625,292174.78125,275331.75,260509.5,237907.515625,273353.96875
1771506931.190646,Concentrated,261858.75,260591.3125,320533.6875,292177.90625,275335.6875,260515.3125,237909.296875,273362.125
1771506931.190646,Concentrated,261859.1875,260589.25,320532.78125,292174.96875,275334.53125,260515.234375,237905.8125,273360.59375
1771506931.190646,Concentrated,261855.703125,260587.28125,320528.59375,292172.0,275332.03125,260512.8125,237903.390625,273359.53125
1771506931.190646,Concentrated,261858.828125,260592.296875,320532.78125,292175.59375,275335.15625,260515.046875,237909.5625,273364.96875
1771506931.190646,Concentrated,261862.765625,260597.125,320535.375,292178.09375,275336.75,260517.1875,237911.625,273363.90625
1771506931.190646,Concentrated,261866.703125,260600.796875,320537.25,292183.4375,275339.875,260520.859375,237911.890625,273365.34375
1771506931.190646,Concentrated,261870.8125,260603.5625,320537.96875,292184.34375,275343.28125,260525.0625,237913.328125,273367.9375
1771506931.2205632,Concentrated,261870.90625,260605.34375,320538.4375,292178.53125,275344.8125,260526.484375,237914.75,273369.96875
1771506931.2205632,Concentrated,261878.59375,260614.46875,320539.125,292198.375,275351.59375,260533.5625,237924.859375,273371.3125
1771506931.2205632,Concentrated,261872.0625,260609.8125,320537.1875,292182.46875,275350.96875,260533.375,237924.3125,273369.09375
1771506931.2205632,Concentrated,261870.71875,260609.640625,320535.65625,292191.75,275352.84375,260532.65625,237926.109375,273369.28125
1771506931.2205632,Concentrated,261868.046875,260604.8125,320531.625,292181.46875,275350.53125,260529.984375,237920.296875,273367.75
1771506931.2205632,Concentrated,261863.3125,260602.125,320526.625,292179.4375,275347.65625,260527.5625,237919.046875,273365.0625
1771506931.2205632,Concentrated,261854.71875,260595.875,320519.5625,292176.375,275341.40625,260521.578125,237917.875,273359.875
1771506931.237589,Concentrated,261855.4375,260597.921875,320522.34375,292175.75,275342.03125,260525.328125,237919.84375,273364.71875
1771506931.237589,Concentrated,261850.515625,260590.78125,320511.78125,292167.25,275332.65625,260513.96875,237910.546875,273356.125
1771506931.237589,Concentrated,261854.1875,260591.3125,320510.4375,292170.03125,275331.84375,260511.46875,237908.3125,273359.15625
1771506931.237589,Concentrated,261848.828125,260585.671875,320497.65625,292166.625,275328.71875,260508.875,237905.625,273360.3125
1771506931.237589,Concentrated,261841.125,260579.78125,320491.5625,292151.25,275323.0,260503.328125,237902.5,273354.15625
1771506931.237589,Concentrated,261842.03125,260583.71875,320494.15625,292159.03125,275324.5,260503.25,237907.234375,273352.5625
1771506931.265573,Concentrated,261849.0,260590.0625,320497.9375,292178.34375,275331.3125,260510.21875,237913.046875,273356.125
1771506931.265573,Concentrated,261844.53125,260581.828125,320498.46875,292156.34375,275327.09375,260508.078125,237903.21875,273352.8125
1771506931.265573,Concentrated,261857.3125,260590.859375,320512.6875,292160.1875,275337.375,260518.796875,237911.171875,273359.25
1771506931.265573,Concentrated,261854.71875,260587.5625,320500.875,292154.40625,275338.09375,260518.796875,237912.875,273362.90625
1771506931.265573,Concentrated,261861.96875,260596.140625,320514.46875,292164.6875,275346.15625,260527.390625,237923.78125,273370.78125
1771506931.265573,Concentrated,261863.484375,260597.84375,320512.0625,292164.75,275349.625,260531.859375,237924.578125,273378.65625
1771506931.3125174,Concentrated,261869.5625,260602.21875,320515.625,292172.4375,275353.03125,260535.4375,237924.578125,273385.0
1771506931.3125174,Concentrated,261867.0625,260599.453125,320506.875,292163.78125,275349.8125,260529.625,237920.734375,273384.1875
1771506931.3125174,Concentrated,261859.90625,260595.6875,320498.8125,292152.0625,275345.34375,260523.546875,237917.875,273379.90625
1771506931.3125174,Concentrated,261853.015625,260591.3125,320494.0,292145.625,275338.71875,260516.125,237912.515625,273373.75
1771506931.3125174,Concentrated,261849.890625,260587.015625,320481.21875,292141.875,275334.0625,260509.234375,237905.8125,273365.15625
1771506931.3125174,Concentrated,261850.25,260583.890625,320476.28125,292139.90625,275331.84375,260507.265625,237900.453125,273360.15625
1771506931.3125174,Concentrated,261848.28125,260579.59375,320469.40625,292136.6875,275327.375,260501.09375,237895.96875,273355.40625
1771506931.3125174,Concentrated,261844.984375,260576.109375,320465.75,292134.09375,275324.40625,260496.625,237897.046875,273352.8125
1771506931.3125174,Concentrated,261845.421875,260578.078125,320472.53125,292139.46875,275325.59375,260500.390625,237900.625,273350.03125
1771506931.3125174,Concentrated,261845.515625,260578.609375,320468.15625,292142.59375,275326.03125,260498.6875,237901.25,273351.65625
1771506931.3125174,Concentrated,261847.921875,260578.796875,320467.625,292135.09375,275327.625,260499.671875,237900.625,273354.53125
1771506931.3125174,Concentrated,261855.53125,260586.3125,320477.09375,292137.5,275333.625,260507.8125,237907.328125,273356.65625
1771506931.3276086,Concentrated,261850.34375,260581.390625,320465.125,292132.75,275326.75,260501.453125,237904.203125,273347.8125
1771506931.3276086,Concentrated,261847.65625,260581.03125,320464.40625,292125.875,275324.6875,260501.375,237901.96875,273348.53125
1771506931.3276086,Concentrated,261847.296875,260582.8125,320461.71875,292128.09375,275326.21875,260502.703125,237901.703125,273347.0
1771506931.3276086,Concentrated,261856.328125,260592.75,320468.6875,292143.9375,275335.6875,260512.09375,237908.765625,273353.34375
1771506931.3537014,Concentrated,261854.09375,260596.140625,320470.3125,292136.6875,275341.9375,260517.375,237912.34375,273359.875
1771506931.3537014,Concentrated,261849.890625,260591.3125,320468.5,292133.8125,275336.21875,260511.734375,237910.546875,273355.15625
1771506931.3537014,Concentrated,261839.609375,260574.6875,320459.9375,292119.78125,275318.4375,260495.375,237896.15625,273336.71875
1771506931.3537014,Concentrated,261832.90625,260565.921875,320451.0625,292116.03125,275312.96875,260489.5625,237889.625,273332.96875
1771506931.3537014,Concentrated,261826.015625,260562.703125,320437.5625,292111.28125,275314.84375,260490.1875,237888.828125,273338.59375
1771506931.3537014,Concentrated,261827.359375,260569.5,320446.5,292112.09375,275322.1875,260498.5,237894.71875,273346.28125
1771506931.3537014,Concentrated,261826.640625,260571.90625,320446.875,292113.34375,275320.5,260497.25,237895.53125,273338.6875
1771506931.3537014,Concentrated,261829.15625,260572.8125,320444.09375,292113.96875,275319.5,260496.984375,237896.15625,273339.0625
1771506931.3780353,Concentrated,261833.265625,260579.15625,320455.8125,292117.03125,275324.40625,260503.96875,237897.3125,273345.21875
1771506931.3780353,Concentrated,261841.671875,260584.0625,320463.5,292108.25,275328.4375,260511.203125,237896.953125,273350.125
1771506931.3780353,Concentrated,261847.84375,260583.4375,320444.1875,292111.375,275323.53125,260503.6875,237894.1875,273342.1875
1771506931.3780353,Concentrated,261849.53125,260582.734375,320445.4375,292109.15625,275317.96875,260499.578125,237893.03125,273339.21875
1771506931.3780353,Concentrated,261854.546875,260583.71875,320449.8125,292107.53125,275316.1875,260499.84375,237894.015625,273341.71875
1771506931.400058,Concentrated,261858.296875,260584.515625,320451.0,292111.28125,275315.75,260500.828125,237893.296875,273344.40625
1771506931.400058,Concentrated,261859.734375,260581.65625,320445.71875,292108.78125,275313.6875,260498.78125,237889.890625,273343.59375
1771506931.400058,Concentrated,261856.515625,260576.015625,320445.25,292104.40625,275309.75,260495.734375,237886.140625,273343.34375
1771506931.400058,Concentrated,261850.78125,260572.359375,320440.4375,292104.0625,275306.71875,260492.421875,237887.21875,273340.5625
1771506931.400058,Concentrated,261849.984375,260571.90625,320435.0625,292095.375,275306.1875,260492.78125,237888.109375,273338.96875
1771506931.400058,Concentrated,261852.125,260574.6875,320436.9375,292100.03125,275309.5,260496.265625,237889.1875,273337.625
1771506931.4317808,Concentrated,261848.109375,260571.828125,320430.40625,292096.8125,275309.21875,260494.21875,237885.25,273337.875
1771506931.4317808,Concentrated,261845.25,260572.359375,320427.375,292092.53125,275311.46875,260494.75,237885.421875,273340.03125
1771506931.4317808,Concentrated,261843.09375,260574.234375,320427.90625,292091.71875,275314.125,260496.265625,237889.453125,273340.5625
1771506931.4317808,Concentrated,261843.375,260575.390625,320427.375,292091.53125,275314.3125,260494.03125,237891.140625,273336.625
1771506931.4317808,Concentrated,261846.59375,260579.234375,320428.53125,292090.65625,275321.03125,260499.21875,237893.5625,273340.65625
1771506931.4317808,Concentrated,261851.59375,260584.25,320430.25,292103.78125,275328.90625,260506.375,237897.046875,273349.34375
1771506931.4317808,Concentrated,261854.8125,260586.484375,320438.1875,292101.625,275328.8125,260507.453125,237895.078125,273346.28125
1771506931.4549172,Concentrated,261851.0625,260586.21875,320438.28125,292088.0625,275328.71875,260507.359375,237895.53125,273346.75
1771506931.4549172,Concentrated,261844.703125,260585.5,320428.625,292095.65625,275328.34375,260506.109375,237898.484375,273344.3125
1771506931.4549172,Concentrated,261841.21875,260582.28125,320421.9375,292093.15625,275325.9375,260501.8125,237895.890625,273342.96875
1771506931.4549172,Concentrated,261845.515625,260583.71875,320426.5625,292089.84375,275329.875,260507.359375,237896.78125,273350.5
1771506931.4549172,Concentrated,261851.234375,260587.5625,320431.59375,292092.25,275335.15625,260515.671875,237900.71875,273359.34375
1771506931.4549172,Concentrated,261846.046875,260581.296875,320424.34375,292085.46875,275329.96875,260510.578125,237899.546875,273354.53125
1771506931.4549172,Concentrated,261844.796875,260578.703125,320421.84375,292087.0625,275328.09375,260508.796875,237902.328125,273352.8125
1771506931.4549172,Concentrated,261850.34375,260581.5625,320424.25,292089.03125,275331.21875,260512.546875,237904.5625,273356.40625
1771506931.4849598,Concentrated,261850.078125,260576.921875,320413.625,292082.6875,275329.6875,260510.125,237901.515625,273359.25
1771506931.4849598,Concentrated,261855.171875,260580.578125,320416.84375,292083.3125,275329.6875,260511.46875,237902.40625,273355.15625
1771506931.4849598,Concentrated,261864.375,260589.96875,320428.09375,292091.28125,275334.34375,260516.203125,237909.828125,273358.90625
1771506931.4849598,Concentrated,261867.953125,260593.90625,320437.75,292094.125,275334.78125,260516.5625,237913.046875,273360.59375
1771506931.4849598,Concentrated,261868.484375,260591.671875,320432.9375,292104.9375,275330.40625,260511.109375,237910.28125,273358.625
1771506931.4849598,Concentrated,261856.953125,260575.9375,320400.75,292085.1875,275320.84375,260500.03125,237899.46875,273354.53125
1771506931.509971,Concentrated,261853.203125,260571.90625,320402.09375,292057.84375,275316.65625,260496.890625,237892.84375,273350.125
1771506931.509971,Concentrated,261853.65625,260575.125,320399.40625,292072.40625,275315.375,260495.375,237895.34375,273347.53125
1771506931.509971,Concentrated,261853.296875,260578.796875,320405.65625,292076.34375,275318.53125,260499.046875,237898.921875,273348.0
1771506931.509971,Concentrated,261853.375,260579.953125,320406.5625,292069.625,275322.90625,260504.9375,237897.9375,273351.375
1771506931.509971,Concentrated,261848.375,260577.09375,320400.90625,292065.6875,275320.5625,260503.0625,237891.59375,273346.28125
1771506931.509971,Concentrated,261844.703125,260576.015625,320396.09375,292065.78125,275319.6875,260501.375,237890.96875,273345.40625
1771506931.509971,Concentrated,261848.375,260582.8125,320396.0,292072.6875,275323.71875,260501.71875,237898.203125,273346.46875
1771506931.5275612,Concentrated,261843.28125,260580.140625,320390.90625,292069.0,275322.8125,260499.9375,237898.390625,273346.1875
1771506931.5275612,Concentrated,261841.578125,260577.0,320389.125,292065.15625,275323.0,260499.578125,237897.3125,273347.1875
1771506931.5275612,Concentrated,261847.5625,260580.9375,320390.1875,292071.25,275328.25,260503.328125,237901.15625,273352.1875
1771506931.5543604,Concentrated,261845.875,260578.703125,320391.4375,292067.9375,275326.125,260502.265625,237899.28125,273348.96875
1771506931.5543604,Concentrated,261833.796875,260567.796875,320378.5625,292054.0625,275316.5625,260494.390625,237892.484375,273337.71875
1771506931.5543604,Concentrated,261827.546875,260563.5,320365.59375,292051.40625,275315.3125,260491.53125,237893.46875,273339.21875
1771506931.5543604,Concentrated,261829.515625,260565.828125,320366.21875,292056.3125,275318.34375,260492.96875,237895.625,273344.0625
1771506931.5543604,Concentrated,261828.703125,260565.109375,320365.875,292046.375,275319.25,260492.96875,237891.328125,273346.1875
1771506931.6025655,Concentrated,261832.734375,260568.25,320368.8125,292047.8125,275322.71875,260496.09375,237893.5625,273346.90625
1771506931.6025655,Concentrated,261833.4375,260567.890625,320369.0,292052.28125,275322.8125,260498.234375,237896.875,273344.59375
1771506931.6025655,Concentrated,261829.859375,260564.84375,320365.4375,292046.3125,275320.03125,260497.703125,237895.34375,273343.59375
1771506931.6025655,Concentrated,261834.875,260570.03125,320369.90625,292054.6875,275323.875,260503.25,237896.328125,273346.75
1771506931.6025655,Concentrated,261841.9375,260575.671875,320372.5625,292056.75,275330.9375,260508.609375,237900.625,273350.9375
1771506931.6025655,Concentrated,261831.46875,260564.765625,320354.59375,292039.875,275324.875,260498.953125,237893.203125,273349.78125
1771506931.6312327,Concentrated,261834.6875,260568.609375,320361.65625,292049.25,275327.375,260501.375,237899.28125,273347.8125
1771506931.6312327,Concentrated,261828.171875,260565.109375,320357.5625,292044.875,275323.09375,260497.703125,237899.109375,273343.59375
1771506931.6312327,Concentrated,261821.109375,260559.03125,320347.09375,292033.25,275318.78125,260495.28125,237895.34375,273345.65625
1771506931.6312327,Concentrated,261824.59375,260556.53125,320347.53125,292033.25,275315.375,260492.96875,237889.984375,273343.4375
1771506931.6312327,Concentrated,261829.328125,260559.125,320356.46875,292027.96875,275315.75,260494.9375,237890.15625,273343.59375
1771506931.6312327,Concentrated,261834.15625,260568.421875,320368.65625,292034.125,275318.78125,260499.3125,237894.640625,273343.0625
1771506931.6312327,Concentrated,261838.984375,260576.015625,320367.84375,292045.9375,275323.53125,260501.546875,237901.78125,273343.34375
1771506931.6312327,Concentrated,261837.640625,260576.921875,320363.09375,292045.40625,275326.84375,260504.140625,237903.21875,273346.8125
1771506931.6312327,Concentrated,261843.453125,260582.8125,320364.71875,292056.9375,275333.375,260509.0625,237906.25,273347.71875
1771506931.6312327,Concentrated,261842.828125,260580.21875,320354.875,292041.1875,275330.3125,260503.875,237902.234375,273342.8125
1771506931.6312327,Concentrated,261846.671875,260584.609375,320356.03125,292046.21875,275329.15625,260501.453125,237904.5625,273338.78125
1771506931.6312327,Concentrated,261845.25,260581.921875,320351.375,292035.3125,275324.34375,260495.109375,237902.6875,273335.65625
1771506931.6312327,Concentrated,261844.703125,260579.6875,320344.3125,292035.75,275323.78125,260491.796875,237901.96875,273337.96875
1771506931.6312327,Concentrated,261842.296875,260575.125,320340.375,292034.0625,275322.90625,260491.265625,237898.296875,273340.125
1771506931.6312327,Concentrated,261839.34375,260573.15625,320339.5,292031.0,275320.21875,260490.640625,237896.515625,273337.875
1771506931.6312327,Concentrated,261834.515625,260571.375,320333.6875,292027.15625,275317.71875,260486.703125,237897.765625,273333.9375
1771506931.6474936,Concentrated,261833.625,260572.453125,320336.1875,292030.90625,275321.1875,260489.921875,237902.59375,273339.125
1771506931.6474936,Concentrated,261829.515625,260568.953125,320334.40625,292024.21875,275321.75,260491.984375,237900.890625,273339.125
1771506931.6474936,Concentrated,261819.765625,260559.75,320321.78125,292011.59375,275316.65625,260487.328125,237892.84375,273336.28125
1771506931.6474936,Concentrated,261827.0,260567.796875,320337.34375,292024.3125,275325.40625,260500.03125,237899.375,273343.25
1771506931.6701763,Concentrated,261823.96875,260565.203125,320330.28125,292016.53125,275323.78125,260501.375,237900.265625,273343.875
1771506931.6701763,Concentrated,261823.25,260564.578125,320331.71875,292013.5,275321.03125,260500.5625,237897.9375,273341.09375
1771506931.6701763,Concentrated,261828.96875,260571.640625,320340.5625,292026.375,275325.40625,260505.125,237900.53125,273343.78125
1771506931.6701763,Concentrated,261829.15625,260571.90625,320344.6875,292022.5,275325.59375,260507.53125,237896.78125,273344.0625
1771506931.6701763,Concentrated,261828.609375,260569.59375,320329.5625,292013.5625,275323.09375,260503.515625,237893.921875,273344.59375
1771506931.6949427,Concentrated,261828.4375,260572.53125,320329.9375,292025.90625,275319.40625,260498.953125,237894.640625,273339.6875
1771506931.6949427,Concentrated,261823.34375,260568.25,320326.8125,292017.40625,275313.0625,260492.15625,237890.078125,273332.625
1771506931.6949427,Concentrated,261819.5,260560.734375,320316.4375,291992.75,275306.71875,260485.984375,237882.75,273329.9375
1771506931.6949427,Concentrated,261830.40625,260568.0625,320320.0,292009.46875,275310.125,260488.21875,237887.21875,273331.8125
1771506931.6949427,Concentrated,261827.984375,260564.9375,320309.375,292006.6875,275305.65625,260480.453125,237885.34375,273327.59375
1771506931.6949427,Concentrated,261831.75,260570.125,320312.5,292007.3125,275307.96875,260479.90625,237889.453125,273328.6875
1771506931.6949427,Concentrated,261833.796875,260571.734375,320312.84375,292009.65625,275306.71875,260476.78125,237891.765625,273325.0
1771506931.721195,Concentrated,261841.578125,260576.015625,320312.5,292013.75,275310.65625,260479.734375,237895.4375,273327.15625
1771506931.721195,Concentrated,261847.921875,260580.3125,320314.0,292018.21875,275317.09375,260484.65625,237898.203125,273333.9375
1771506931.721195,Concentrated,261853.46875,260585.328125,320313.21875,292026.09375,275324.6875,260489.390625,237904.296875,273337.96875
1771506931.721195,Concentrated,261847.921875,260580.671875,320308.8125,292010.8125,275322.90625,260484.734375,237901.078125,273336.0
1771506931.721195,Concentrated,261846.5,260581.65625,320310.71875,292014.28125,275323.0,260485.984375,237900.0,273329.9375
1771506931.721195,Concentrated,261850.4375,260587.46875,320319.5625,292009.375,275330.0625,260496.1875,237903.9375,273331.8125
1771506931.721195,Concentrated,261851.40625,260587.921875,320317.15625,292005.15625,275333.90625,260503.0625,237903.75,273335.84375
1771506931.7368903,Concentrated,261856.875,260593.8125,320330.09375,292014.8125,275340.78125,260513.265625,237909.125,273340.03125
1771506931.7368903,Concentrated,261850.96875,260588.09375,320315.1875,292016.625,275338.28125,260509.0625,237909.75,273340.46875
1771506931.7750258,Concentrated,261840.953125,260579.59375,320314.90625,292006.78125,275331.84375,260505.84375,237905.8125,273337.8125
1771506931.7750258,Concentrated,261838.890625,260576.5625,320325.09375,291995.5,275330.40625,260507.1875,237903.578125,273341.8125
1771506931.7750258,Concentrated,261832.640625,260568.6875,320301.0625,291987.90625,275328.1875,260505.484375,237900.265625,273346.5625
1771506931.7750258,Concentrated,261828.703125,260566.546875,320298.28125,291985.78125,275327.5625,260505.921875,237897.578125,273346.46875
1771506931.7750258,Concentrated,261822.984375,260565.734375,320297.21875,291986.5625,275325.03125,260501.28125,237900.171875,273344.0625
1771506931.7975552,Concentrated,261823.78125,260567.625,320303.375,291985.78125,275326.46875,260504.140625,237902.765625,273342.71875
1771506931.7975552,Concentrated,261825.9375,260570.65625,320308.125,291987.375,275329.78125,260508.703125,237902.6875,273346.75
1771506931.7975552,Concentrated,261824.953125,260571.546875,320308.28125,291992.28125,275328.90625,260507.265625,237899.375,273348.09375
1771506931.7975552,Concentrated,261826.828125,260570.921875,320299.1875,291993.0,275326.375,260502.0,237895.890625,273349.15625
1771506931.7975552,Concentrated,261818.515625,260562.078125,320285.59375,291968.59375,275315.84375,260491.625,237888.734375,273340.84375
1771506931.7975552,Concentrated,261829.78125,260572.171875,320294.625,291987.375,275319.40625,260496.265625,237893.109375,273337.53125
1771506931.7975552,Concentrated,261832.453125,260572.359375,320286.46875,291995.6875,275315.84375,260491.09375,237890.34375,273337.53125
1771506931.7975552,Concentrated,261831.46875,260567.53125,320280.3125,291968.4375,275311.8125,260486.609375,237881.484375,273333.9375
1771506931.7975552,Concentrated,261833.53125,260572.625,320282.28125,291976.375,275316.28125,260487.78125,237886.40625,273334.75
1771506931.832515,Concentrated,261830.40625,260572.984375,320281.65625,291971.90625,275314.125,260483.75,237887.03125,273328.9375
1771506931.832515,Concentrated,261828.25,260575.671875,320283.4375,291972.90625,275317.90625,260486.890625,237892.40625,273328.21875
1771506931.832515,Concentrated,261825.3125,260575.84375,320284.78125,291976.75,275321.5625,260488.859375,237895.625,273332.0
1771506931.832515,Concentrated,261827.28125,260577.90625,320283.96875,291977.375,275327.28125,260496.09375,237897.578125,273337.34375
1771506931.832515,Concentrated,261826.375,260577.71875,320280.21875,291973.15625,275329.53125,260499.140625,237897.9375,273337.71875
1771506931.832515,Concentrated,261824.6875,260576.921875,320275.125,291969.3125,275328.1875,260497.171875,237897.578125,273336.09375
1771506931.832515,Concentrated,261827.90625,260581.921875,320285.21875,291981.21875,275333.625,260503.328125,237905.546875,273341.5625
1771506931.832515,Concentrated,261827.09375,260580.046875,320286.5625,291970.21875,275334.96875,260508.078125,237904.203125,273343.0625
1771506931.832515,Concentrated,261825.3125,260575.9375,320284.40625,291964.59375,275334.6875,260508.609375,237900.453125,273346.90625
1771506931.832515,Concentrated,261828.4375,260579.234375,320287.375,291966.1875,275338.28125,260515.046875,237902.40625,273347.8125
1771506931.8587542,Concentrated,261828.078125,260579.515625,320281.75,291967.34375,275337.65625,260513.171875,237903.671875,273346.75
1771506931.8587542,Concentrated,261832.453125,260583.265625,320281.65625,291978.96875,275336.21875,260509.5,237908.046875,273345.21875
1771506931.8587542,Concentrated,261832.015625,260580.046875,320278.6875,291970.46875,275331.3125,260505.125,237902.765625,273343.4375
1771506931.8587542,Concentrated,261828.171875,260573.34375,320269.84375,291956.09375,275324.875,260499.21875,237891.765625,273334.9375
1771506931.8587542,Concentrated,261828.609375,260572.265625,320263.9375,291952.25,275322.90625,260495.46875,237889.359375,273332.96875
1771506931.8587542,Concentrated,261831.203125,260574.0625,320267.15625,291959.65625,275321.28125,260492.96875,237891.328125,273329.125
1771506931.8587542,Concentrated,261829.78125,260571.015625,320260.0,291957.6875,275318.4375,260487.515625,237892.9375,273325.8125
1771506931.8587542,Concentrated,261829.15625,260568.875,320255.625,291955.8125,275315.3125,260484.03125,237890.796875,273320.09375
1771506931.88187,Concentrated,261830.578125,260570.21875,320253.9375,291955.0,275314.75,260484.65625,237887.65625,273320.625
1771506931.88187,Concentrated,261842.828125,260583.171875,320270.5625,291964.40625,275326.375,260500.03125,237895.96875,273331.375
1771506931.88187,Concentrated,261848.828125,260589.875,320278.53125,291971.09375,275330.3125,260506.734375,237900.890625,273333.0625
1771506931.88187,Concentrated,261850.78125,260594.0,320277.34375,291972.96875,275331.84375,260509.859375,237904.5625,273337.625
1771506931.88187,Concentrated,261861.0625,260606.953125,320294.53125,291976.1875,275343.65625,260528.1875,237913.40625,273355.5
1771506931.908717,Concentrated,261863.125,260609.109375,320290.78125,291983.28125,275347.75,260530.421875,237915.828125,273364.875
1771506931.908717,Concentrated,261858.296875,260604.453125,320294.0625,291977.375,275346.59375,260529.0,237915.375,273367.65625
1771506931.908717,Concentrated,261843.546875,260587.46875,320268.40625,291948.3125,275332.28125,260513.53125,237904.734375,273358.90625
1771506931.908717,Concentrated,261832.640625,260578.796875,320257.6875,291946.96875,275323.875,260503.609375,237901.15625,273351.375
1771506931.908717,Concentrated,261831.5625,260574.6875,320256.625,291946.25,275322.625,260502.171875,237897.578125,273345.40625
1771506931.908717,Concentrated,261832.015625,260571.28125,320249.46875,291949.8125,275322.09375,260499.9375,237897.046875,273343.78125
1771506931.908717,Concentrated,261823.96875,260563.78125,320236.59375,291940.96875,275316.65625,260492.25,237891.0625,273337.09375
1771506931.942543,Concentrated,261818.609375,260560.90625,320231.75,291936.0625,275311.625,260485.984375,237887.296875,273329.03125
1771506931.942543,Concentrated,261814.75,260557.34375,320226.125,291930.4375,275308.40625,260480.359375,237886.671875,273324.125
1771506931.942543,Concentrated,261816.71875,260558.046875,320229.78125,291931.9375,275311.53125,260482.859375,237888.640625,273327.78125
1771506931.942543,Concentrated,261822.453125,260563.328125,320236.6875,291936.875,275317.4375,260489.03125,237889.984375,273331.1875
1771506931.942543,Concentrated,261827.1875,260566.546875,320237.75,291940.09375,275319.6875,260492.78125,237889.625,273329.5625
1771506931.942543,Concentrated,261827.984375,260565.921875,320233.09375,291932.65625,275316.03125,260489.125,237889.09375,273326.4375
1771506931.942543,Concentrated,261827.546875,260566.640625,320230.96875,291928.71875,275314.59375,260486.796875,237890.078125,273325.28125
1771506931.9662862,Concentrated,261834.25,260572.53125,320233.5625,291935.15625,275319.59375,260491.984375,237893.46875,273327.6875
1771506931.9662862,Concentrated,261838.984375,260575.84375,320232.65625,291940.96875,275322.90625,260493.40625,237894.015625,273330.65625
1771506931.9662862,Concentrated,261834.34375,260571.375,320226.5625,291936.9375,275319.6875,260487.875,237890.515625,273329.46875
1771506931.9662862,Concentrated,261830.5,260569.59375,320226.125,291932.84375,275318.0625,260485.546875,237891.0625,273328.9375
1771506931.9662862,Concentrated,261828.171875,260569.859375,320227.5625,291923.90625,275317.625,260487.6875,237892.125,273331.09375
1771506931.9662862,Concentrated,261829.15625,260570.84375,320222.46875,291928.8125,275317.53125,260488.859375,237892.671875,273331.1875
1771506931.9662862,Concentrated,261832.90625,260571.546875,320225.78125,291926.40625,275317.71875,260490.015625,237890.25,273330.90625
1771506931.9662862,Concentrated,261834.15625,260568.875,320224.25,291923.4375,275316.03125,260488.9375,237888.734375,273332.625
1771506931.9905362,Concentrated,261834.421875,260568.25,320228.375,291926.59375,275315.84375,260491.171875,237891.6875,273331.71875
1771506931.9905362,Concentrated,261826.5625,260561.359375,320218.15625,291918.09375,275309.5,260486.265625,237887.75,273328.15625
1771506931.9905362,Concentrated,261826.640625,260558.671875,320220.59375,291910.9375,275304.46875,260484.734375,237880.328125,273323.21875
1771506931.9905362,Concentrated,261836.578125,260564.9375,320217.0,291921.75,275308.15625,260487.59375,237882.921875,273329.03125
1771506931.9905362,Concentrated,261841.9375,260570.65625,320224.875,291910.40625,275311.0,260491.984375,237882.5625,273333.3125
1771506932.0155008,Concentrated,261844.265625,260573.78125,320221.75,291914.96875,275310.125,260489.296875,237884.265625,273330.5625
1771506932.0155008,Concentrated,261844.53125,260576.5625,320221.75,291918.09375,275311.09375,260489.75,237887.75,273328.5
1771506932.0155008,Concentrated,261844.796875,260578.171875,320221.03125,291914.0625,275312.8125,260491.359375,237888.546875,273326.0
1771506932.0155008,Concentrated,261847.84375,260580.671875,320217.71875,291924.0,275320.21875,260496.265625,237893.296875,273335.28125
1771506932.0155008,Concentrated,261847.125,260579.15625,320217.09375,291918.96875,275323.34375,260496.71875,237895.34375,273335.03125
1771506932.0155008,Concentrated,261841.21875,260575.75,320212.96875,291916.65625,275322.90625,260494.9375,237896.6875,273332.0625
1771506932.0475192,Concentrated,261839.4375,260578.53125,320220.75,291919.4375,275327.375,260498.953125,237901.609375,273334.03125
1771506932.0475192,Concentrated,261839.703125,260579.6875,320221.3125,291912.71875,275328.25,260500.296875,237900.171875,273331.625
1771506932.0475192,Concentrated,261837.46875,260577.0,320211.375,291911.375,275327.71875,260500.109375,237897.40625,273335.84375
1771506932.0475192,Concentrated,261838.71875,260578.4375,320214.0625,291912.0,275327.8125,260502.359375,237897.578125,273337.53125
1771506932.0475192,Concentrated,261832.375,260574.953125,320203.96875,291912.53125,275321.125,260493.40625,237894.984375,273331.0
1771506932.0475192,Concentrated,261831.390625,260576.203125,320205.65625,291918.96875,275319.9375,260491.53125,237896.6875,273331.09375
1771506932.0475192,Concentrated,261823.25,260563.234375,320191.25,291885.0,275310.375,260484.296875,237883.28125,273327.78125
1771506932.0475192,Concentrated,261826.203125,260562.96875,320191.0,291888.21875,275309.84375,260484.65625,237879.4375,273331.53125
1771506932.0730815,Concentrated,261829.859375,260565.5625,320190.625,291889.9375,275311.28125,260486.609375,237880.953125,273333.6875
1771506932.0730815,Concentrated,261828.53125,260565.5625,320191.15625,291886.34375,275311.53125,260486.796875,237883.015625,273330.8125
1771506932.0730815,Concentrated,261828.53125,260566.375,320188.84375,291892.0625,275314.21875,260487.953125,237887.84375,273327.96875
1771506932.0730815,Concentrated,261834.0625,260572.71875,320197.4375,291895.5625,275321.65625,260496.984375,237893.921875,273332.0
1771506932.0730815,Concentrated,261833.984375,260572.265625,320198.84375,291896.4375,275323.71875,260500.46875,237893.921875,273333.78125
1771506932.0974667,Concentrated,261827.453125,260567.4375,320193.5,291890.46875,275320.5,260497.609375,237890.4375,273332.96875
1771506932.0974667,Concentrated,261823.609375,260565.921875,320191.34375,291887.15625,275320.125,260500.390625,237892.84375,273334.40625
1771506932.0974667,Concentrated,261821.90625,260561.8125,320192.15625,291883.5625,275314.40625,260493.5,237890.15625,273328.78125
1771506932.0974667,Concentrated,261825.671875,260560.90625,320189.46875,291887.34375,275311.28125,260491.796875,237887.65625,273326.0
1771506932.0974667,Concentrated,261832.1875,260564.21875,320190.1875,291891.34375,275314.59375,260496.09375,237889.0,273334.59375
1771506932.0974667,Concentrated,261830.21875,260560.640625,320185.625,291890.09375,275309.9375,260492.25,237884.4375,273332.6875
1771506932.0974667,Concentrated,261825.03125,260557.25,320178.5625,291879.71875,275305.03125,260485.8125,237882.5625,273326.25
1771506932.0974667,Concentrated,261825.578125,260558.40625,320178.28125,291866.15625,275304.84375,260484.46875,237884.171875,273326.25
1771506932.0974667,Concentrated,261826.46875,260559.21875,320177.03125,291871.59375,275306.28125,260483.75,237884.890625,273325.0
1771506932.121236,Concentrated,261828.171875,260560.46875,320168.90625,291878.5625,275310.65625,260485.71875,237887.390625,273329.3125
1771506932.121236,Concentrated,261831.46875,260566.015625,320171.9375,291888.84375,275318.59375,260492.15625,237894.09375,273334.5
1771506932.121236,Concentrated,261822.171875,260561.09375,320169.625,291884.84375,275318.15625,260490.734375,237893.828125,273332.25
1771506932.121236,Concentrated,261819.765625,260559.390625,320173.375,291864.1875,275319.25,260494.03125,237893.203125,273329.46875
1771506932.121236,Concentrated,261822.71875,260564.671875,320174.90625,291869.1875,275326.375,260502.703125,237897.578125,273336.90625
1771506932.121236,Concentrated,261821.546875,260564.671875,320177.9375,291868.75,275330.5,260508.96875,237898.03125,273340.5625
1771506932.121236,Concentrated,261818.328125,260561.71875,320175.15625,291867.40625,275329.25,260505.484375,237895.890625,273340.125
1771506932.1449952,Concentrated,261815.734375,260560.109375,320172.9375,291864.96875,275327.8125,260506.640625,237896.875,273339.75
1771506932.1449952,Concentrated,261813.859375,260556.796875,320171.84375,291864.53125,275324.15625,260504.40625,237895.96875,273338.34375
1771506932.1449952,Concentrated,261815.46875,260556.625,320170.25,291864.0,275325.75,260505.03125,237897.765625,273346.125
1771506932.1449952,Concentrated,261810.5625,260549.921875,320155.9375,291861.3125,275320.75,260497.53125,237891.59375,273347.0
1771506932.168733,Concentrated,261805.546875,260542.859375,320148.875,291841.28125,275312.8125,260490.109375,237881.21875,273339.125
1771506932.168733,Concentrated,261810.375,260546.078125,320153.34375,291843.78125,275309.03125,260486.4375,237879.53125,273328.78125
1771506932.168733,Concentrated,261808.859375,260544.109375,320147.71875,291839.9375,275302.34375,260481.25,237875.140625,273323.5
1771506932.168733,Concentrated,261813.234375,260549.296875,320148.0,291842.1875,275304.65625,260483.390625,237875.6875,273324.21875
1771506932.168733,Concentrated,261817.703125,260554.46875,320142.1875,291851.5625,275310.90625,260487.78125,237879.4375,273329.125
1771506932.168733,Concentrated,261821.109375,260559.84375,320146.1875,291855.78125,275313.96875,260489.828125,237882.65625,273328.15625
1771506932.168733,Concentrated,261820.21875,260559.125,320143.875,291858.46875,275309.65625,260484.203125,237883.734375,273322.59375
1771506932.1931195,Concentrated,261826.375,260563.78125,320151.125,291862.9375,275312.625,260487.25,237889.53125,273323.65625
1771506932.1931195,Concentrated,261824.59375,260559.9375,320146.03125,291852.28125,275310.375,260482.6875,237884.890625,273320.09375
1771506932.1931195,Concentrated,261830.40625,260564.046875,320151.90625,291862.21875,275312.875,260485.546875,237886.859375,273322.34375
1771506932.1931195,Concentrated,261831.5625,260560.90625,320145.40625,291852.90625,275309.21875,260484.65625,237883.453125,273322.40625
1771506932.1931195,Concentrated,261829.6875,260560.46875,320142.96875,291856.03125,275306.71875,260482.859375,237884.359375,273320.375
1771506932.2213018,Concentrated,261817.0,260548.03125,320134.3125,291836.09375,275293.5625,260471.859375,237873.625,273308.5625
1771506932.2213018,Concentrated,261817.265625,260546.515625,320133.3125,291835.9375,275290.71875,260469.890625,237872.640625,273307.125
1771506932.2213018,Concentrated,261819.234375,260549.46875,320132.0625,291844.0625,275293.40625,260471.0625,237873.625,273309.8125
1771506932.2213018,Concentrated,261823.78125,260550.984375,320134.5,291843.0,275296.4375,260472.84375,237874.96875,273313.21875
1771506932.2213018,Concentrated,261826.015625,260552.78125,320137.25,291837.34375,275299.125,260475.53125,237879.25,273313.84375
1771506932.2213018,Concentrated,261821.46875,260550.71875,320130.0,291838.15625,275298.59375,260470.796875,237881.140625,273314.09375
1771506932.2481127,Concentrated,261819.046875,260551.96875,320122.59375,291843.0,275300.09375,260471.5,237884.625,273317.5
1771506932.2481127,Concentrated,261816.546875,260552.328125,320114.28125,291839.0625,275301.8125,260473.46875,237885.515625,273318.40625
1771506932.2481127,Concentrated,261826.109375,260565.109375,320126.25,291864.53125,275315.21875,260486.609375,237896.875,273327.25
1771506932.2481127,Concentrated,261818.25,260562.171875,320125.53125,291843.4375,275316.5625,260490.28125,237895.703125,273329.65625
1771506932.2481127,Concentrated,261812.96875,260559.9375,320123.84375,291832.53125,275316.28125,260491.53125,237894.8125,273328.59375
1771506932.2481127,Concentrated,261811.1875,260557.78125,320122.59375,291826.4375,275316.09375,260492.421875,237890.96875,273328.6875
1771506932.2481127,Concentrated,261816.71875,260561.984375,320125.09375,291837.8125,275322.375,260499.21875,237893.03125,273332.875
1771506932.2694142,Concentrated,261821.734375,260564.484375,320129.84375,291839.59375,275323.53125,260500.5625,237890.609375,273334.3125
1771506932.2694142,Concentrated,261820.125,260562.875,320124.1875,291835.65625,275318.6875,260494.484375,237889.265625,273333.875
1771506932.2694142,Concentrated,261816.453125,260557.96875,320115.8125,291834.3125,275309.03125,260485.71875,237884.078125,273326.34375
1771506932.2694142,Concentrated,261816.546875,260554.296875,320116.15625,291813.9375,275303.0625,260482.328125,237877.46875,273322.6875
1771506932.2694142,Concentrated,261819.765625,260556.078125,320114.625,291819.75,275304.125,260482.59375,237876.75,273326.0
1771506932.2918482,Concentrated,261819.234375,260556.0,320113.03125,291817.15625,275302.34375,260483.75,237873.0,273323.75
1771506932.2918482,Concentrated,261816.453125,260556.171875,320106.6875,291814.5625,275298.9375,260480.0,237872.015625,273321.4375
1771506932.2918482,Concentrated,261814.84375,260558.046875,320107.21875,291814.375,275298.21875,260479.109375,237873.359375,273317.6875
1771506932.2918482,Concentrated,261812.796875,260557.609375,320105.25,291813.03125,275299.21875,260480.171875,237874.25,273318.84375
1771506932.2918482,Concentrated,261813.859375,260555.90625,320106.78125,291808.9375,275299.375,260481.25,237870.21875,273319.46875
1771506932.2918482,Concentrated,261823.78125,260563.6875,320117.3125,291825.5625,275305.71875,260487.78125,237876.9375,273322.59375
1771506932.3163116,Concentrated,261832.015625,260573.34375,320131.09375,291836.28125,275311.09375,260494.578125,237884.796875,273325.375
1771506932.3163116,Concentrated,261829.515625,260568.953125,320124.28125,291815.8125,275304.84375,260489.390625,237880.515625,273321.15625
1771506932.3163116,Concentrated,261827.359375,260563.953125,320113.5625,291811.5,275299.46875,260483.21875,237878.09375,273316.78125
1771506932.3163116,Concentrated,261833.796875,260567.078125,320111.5,291816.625,275301.4375,260485.359375,237879.171875,273319.375
1771506932.3163116,Concentrated,261837.28125,260567.078125,320114.46875,291815.09375,275299.21875,260485.640625,237876.9375,273320.71875
1771506932.3163116,Concentrated,261834.0625,260563.421875,320107.9375,291815.4375,275293.125,260477.765625,237874.34375,273313.46875
1771506932.3163116,Concentrated,261835.59375,260567.796875,320110.78125,291823.6875,275295.8125,260478.390625,237880.15625,273310.09375
1771506932.3350651,Concentrated,261835.40625,260570.921875,320110.96875,291824.21875,275301.1875,260480.8125,237884.625,273314.09375
1771506932.3350651,Concentrated,261836.03125,260572.09375,320112.65625,291810.09375,275305.46875,260484.203125,237883.546875,273315.28125
1771506932.3350651,Concentrated,261842.5625,260580.3125,320121.6875,291829.9375,275315.21875,260494.21875,237891.59375,273321.53125
1771506932.359378,Concentrated,261836.21875,260572.71875,320107.9375,291823.84375,275312.4375,260491.09375,237889.890625,273319.125
1771506932.359378,Concentrated,261829.421875,260567.625,320100.59375,291809.1875,275311.1875,260485.90625,237889.0,273317.6875
1771506932.359378,Concentrated,261829.515625,260569.59375,320103.46875,291816.4375,275316.1875,260488.046875,237891.953125,273321.25
1771506932.359378,Concentrated,261832.015625,260571.203125,320103.28125,291812.40625,275321.90625,260494.3125,237891.859375,273325.09375
1771506932.359378,Concentrated,261833.078125,260574.6875,320104.53125,291810.0,275327.5625,260499.9375,237896.0625,273330.09375
1771506932.359378,Concentrated,261830.9375,260574.0625,320106.15625,291809.28125,275327.625,260501.546875,237897.765625,273330.8125
1771506932.359378,Concentrated,261831.03125,260572.71875,320097.46875,291812.5,275326.65625,260500.296875,237900.171875,273329.75
1771506932.359378,Concentrated,261826.375,260564.9375,320089.78125,291796.5,275318.875,260493.046875,237890.796875,273324.9375
1771506932.3824794,Concentrated,261836.03125,260571.109375,320094.25,291800.6875,275322.71875,260497.34375,237890.609375,273329.75
1771506932.3824794,Concentrated,261842.734375,260574.953125,320097.28125,291803.03125,275322.625,260497.171875,237890.078125,273334.03125
1771506932.3824794,Concentrated,261840.953125,260573.78125,320094.96875,291801.59375,275317.28125,260491.625,237889.625,273328.40625
1771506932.3824794,Concentrated,261833.359375,260574.953125,320092.90625,291800.0625,275316.8125,260491.265625,237892.671875,273327.6875
1771506932.3824794,Concentrated,261833.078125,260578.265625,320093.28125,291810.8125,275319.0625,260494.21875,237894.984375,273331.71875
1771506932.3824794,Concentrated,261839.4375,260572.453125,320093.1875,291799.28125,275312.53125,260490.015625,237886.046875,273322.78125
1771506932.4168572,Concentrated,261845.15625,260572.8125,320085.84375,291800.53125,275312.4375,260487.78125,237885.78125,273321.0625
1771506932.4168572,Concentrated,261847.84375,260576.921875,320093.8125,291810.1875,275316.1875,260490.546875,237891.140625,273321.96875
1771506932.4168572,Concentrated,261845.15625,260576.375,320089.4375,291802.125,275317.09375,260488.671875,237893.03125,273320.625
1771506932.4400525,Concentrated,261861.0625,260586.390625,320095.15625,291815.71875,275323.96875,260498.15625,237901.15625,273325.71875
1771506932.4400525,Concentrated,261863.3125,260582.8125,320090.75,291809.375,275320.5625,260495.203125,237898.203125,273330.375
1771506932.4400525,Concentrated,261865.8125,260582.375,320089.78125,291808.9375,275320.125,260495.203125,237898.84375,273332.625
1771506932.4400525,Concentrated,261867.328125,260578.96875,320089.15625,291803.90625,275314.3125,260490.375,237896.25,273326.34375
1771506932.4400525,Concentrated,261863.125,260576.203125,320080.9375,291800.34375,275311.71875,260488.21875,237895.96875,273324.125
1771506932.4400525,Concentrated,261862.859375,260575.21875,320077.8125,291792.125,275311.0,260487.59375,237893.65625,273323.125
1771506932.4400525,Concentrated,261867.859375,260578.4375,320081.375,291797.9375,275315.75,260492.96875,237894.8125,273326.53125
1771506932.4400525,Concentrated,261872.0625,260583.890625,320088.875,291803.1875,275323.625,260502.359375,237899.734375,273334.75
1771506932.4400525,Concentrated,261868.84375,260583.71875,320091.21875,291801.5,275327.28125,260498.953125,237900.625,273331.09375
1771506932.4630797,Concentrated,261871.359375,260589.609375,320096.75,291808.21875,275336.65625,260499.140625,237907.59375,273333.6875
1771506932.4630797,Concentrated,261872.25,260593.71875,320095.25,291812.40625,275340.96875,260506.46875,237911.796875,273335.90625
1771506932.4630797,Concentrated,261866.609375,260588.09375,320086.28125,291810.09375,275337.28125,260509.328125,237907.15625,273334.21875
1771506932.4630797,Concentrated,261865.09375,260583.265625,320083.15625,291792.375,275334.4375,260508.25,237901.875,273334.5
1771506932.4630797,Concentrated,261867.953125,260586.03125,320081.5625,291801.6875,275337.46875,260507.71875,237906.703125,273333.78125
1771506932.4630797,Concentrated,261867.421875,260586.125,320083.0625,291806.59375,275336.84375,260503.78125,237908.5,273324.65625
1771506932.4630797,Concentrated,261863.03125,260582.015625,320079.15625,291791.75,275332.8125,260500.921875,237904.296875,273322.0625
1771506932.4630797,Concentrated,261862.671875,260580.84375,320074.125,291787.1875,275332.03125,260499.578125,237900.71875,273323.9375
1771506932.498124,Concentrated,261863.390625,260581.828125,320065.71875,291794.34375,275330.9375,260493.671875,237901.78125,273324.28125
1771506932.498124,Concentrated,261867.59375,260587.921875,320064.84375,291801.0625,275331.75,260494.9375,237906.25,273322.59375
1771506932.498124,Concentrated,261857.21875,260581.203125,320062.5,291788.4375,275323.96875,260488.5,237899.1875,273320.09375
1771506932.498124,Concentrated,261844.34375,260568.78125,320055.0,291770.9375,275315.03125,260483.046875,237887.921875,273317.5
1771506932.498124,Concentrated,261843.71875,260564.9375,320049.625,291773.15625,275314.75,260482.953125,237886.5,273320.1875
1771506932.498124,Concentrated,261848.734375,260565.5625,320049.375,291777.53125,275318.15625,260483.75,237887.921875,273321.875
1771506932.498124,Concentrated,261842.390625,260559.84375,320049.09375,291773.59375,275314.5,260480.890625,237885.96875,273319.125
1771506932.5193334,Concentrated,261833.796875,260555.109375,320042.75,291770.125,275312.15625,260479.109375,237885.421875,273315.96875
1771506932.5193334,Concentrated,261832.453125,260555.1875,320037.9375,291772.71875,275314.40625,260481.609375,237887.296875,273317.875
1771506932.5193334,Concentrated,261834.78125,260555.453125,320039.96875,291756.8125,275316.1875,260486.703125,237883.8125,273321.0625
1771506932.5193334,Concentrated,261841.046875,260564.671875,320048.46875,291765.28125,275322.625,260494.125,237886.234375,273321.34375
1771506932.5193334,Concentrated,261849.625,260574.953125,320056.34375,291774.59375,275331.40625,260503.6875,237895.171875,273326.0
1771506932.5193334,Concentrated,261858.5625,260582.734375,320062.4375,291784.875,275337.84375,260509.5,237904.640625,273332.6875
1771506932.5193334,Concentrated,261871.703125,260592.296875,320072.625,291793.1875,275343.71875,260516.203125,237908.765625,273338.875
1771506932.5518072,Concentrated,261885.125,260601.953125,320079.6875,291799.90625,275351.875,260524.96875,237913.671875,273351.375
1771506932.5518072,Concentrated,261883.15625,260597.296875,320072.15625,291789.15625,275348.28125,260521.125,237909.390625,273355.40625
1771506932.5518072,Concentrated,261878.328125,260594.078125,320071.90625,291779.59375,275344.53125,260517.8125,237906.078125,273355.3125
1771506932.5518072,Concentrated,261873.140625,260589.875,320068.6875,291778.0625,275338.28125,260511.203125,237901.515625,273349.875
1771506932.5518072,Concentrated,261866.703125,260583.0,320065.65625,291763.6875,275332.90625,260507.984375,237894.453125,273344.0625
1771506932.5518072,Concentrated,261857.84375,260575.125,320054.03125,291762.34375,275327.5625,260502.625,237889.09375,273338.6875
1771506932.5518072,Concentrated,261848.015625,260566.546875,320037.75,291754.125,275319.78125,260491.890625,237882.203125,273329.75
1771506932.5735352,Concentrated,261849.71875,260569.859375,320045.34375,291757.96875,275319.9375,260492.421875,237885.421875,273323.59375
1771506932.5735352,Concentrated,261846.859375,260567.53125,320039.96875,291746.4375,275316.8125,260487.0625,237883.640625,273311.4375
1771506932.5735352,Concentrated,261841.84375,260563.328125,320024.15625,291748.21875,275313.78125,260481.078125,237882.5625,273308.65625
1771506932.5735352,Concentrated,261846.046875,260568.6875,320028.1875,291763.5,275321.03125,260487.515625,237889.09375,273314.46875
1771506932.5735352,Concentrated,261842.46875,260566.09375,320023.1875,291754.46875,275321.375,260486.609375,237888.203125,273318.21875
1771506932.5735352,Concentrated,261841.9375,260567.984375,320023.1875,291750.4375,275322.8125,260487.59375,237890.875,273316.25
1771506932.5735352,Concentrated,261844.625,260576.828125,320031.9375,291763.78125,275331.125,260495.734375,237901.609375,273322.78125
1771506932.6005895,Concentrated,261849.265625,260572.265625,320029.78125,291756.71875,275326.65625,260493.40625,237897.40625,273323.21875
1771506932.6005895,Concentrated,261852.390625,260570.03125,320026.9375,291739.8125,275324.40625,260493.046875,237890.4375,273322.6875
1771506932.6005895,Concentrated,261856.328125,260574.6875,320023.8125,291746.53125,275328.625,260495.375,237893.109375,273327.78125
1771506932.6005895,Concentrated,261858.203125,260574.953125,320023.875,291756.71875,275328.0,260491.171875,237897.140625,273326.09375
1771506932.6005895,Concentrated,261854.546875,260572.890625,320028.4375,291747.84375,275327.46875,260490.015625,237896.6875,273322.0625
1771506932.623123,Concentrated,261851.234375,260572.171875,320027.1875,291739.375,275328.625,260489.484375,237897.671875,273323.5
1771506932.623123,Concentrated,261851.5,260573.609375,320017.0,291756.53125,275330.21875,260489.03125,237898.75,273325.375
1771506932.623123,Concentrated,261850.515625,260573.609375,320018.34375,291752.5,275328.96875,260490.453125,237895.53125,273323.9375
1771506932.623123,Concentrated,261848.375,260571.375,320019.25,291740.71875,275324.59375,260485.8125,237891.765625,273324.65625
1771506932.623123,Concentrated,261842.5625,260566.640625,320015.65625,291731.59375,275316.28125,260479.015625,237887.125,273316.78125
1771506932.669506,Concentrated,261839.171875,260560.90625,320008.25,291726.5,275311.375,260474.375,237882.296875,273316.875
1771506932.669506,Concentrated,261841.3125,260560.203125,320007.09375,291730.6875,275311.71875,260474.640625,237880.859375,273318.65625
1771506932.669506,Concentrated,261848.828125,260566.8125,320013.34375,291751.0625,275316.5625,260479.640625,237887.578125,273317.875
1771506932.669506,Concentrated,261844.34375,260559.21875,320003.6875,291730.59375,275310.75,260476.15625,237882.390625,273315.90625
1771506932.669506,Concentrated,261840.953125,260554.390625,320000.46875,291724.875,275304.5625,260471.421875,237879.875,273310.0
1771506932.669506,Concentrated,261836.9375,260550.453125,319997.0625,291723.4375,275303.84375,260470.078125,237879.25,273309.8125
1771506932.669506,Concentrated,261838.0,260550.71875,319997.34375,291728.09375,275309.9375,260475.0,237881.9375,273314.09375
1771506932.669506,Concentrated,261835.765625,260548.671875,319996.34375,291719.34375,275312.96875,260477.046875,237883.1875,273318.75
1771506932.6931667,Concentrated,261831.65625,260547.6875,319990.28125,291718.25,275315.5625,260479.375,237884.890625,273318.21875
1771506932.6931667,Concentrated,261826.640625,260546.421875,319985.1875,291713.53125,275315.75,260479.46875,237884.4375,273317.0625
1771506932.6931667,Concentrated,261823.96875,260546.609375,319988.21875,291714.5,275315.84375,260480.453125,237881.21875,273315.34375
1771506932.6931667,Concentrated,261827.90625,260550.546875,319998.6875,291702.96875,275322.28125,260488.5,237881.84375,273321.625
1771506932.6931667,Concentrated,261833.0,260556.796875,319995.375,291707.1875,275328.4375,260493.953125,237886.59375,273327.34375
1771506932.6931667,Concentrated,261831.65625,260556.984375,319993.40625,291704.6875,275326.5625,260493.140625,237885.0625,273323.59375
1771506932.6931667,Concentrated,261834.515625,260562.515625,319994.65625,291711.5625,275331.125,260498.421875,237891.953125,273330.5625
1771506932.6931667,Concentrated,261831.125,260561.546875,319992.875,291710.03125,275331.125,260498.234375,237892.21875,273333.6875
1771506932.6931667,Concentrated,261828.703125,260559.484375,319991.6875,291706.90625,275332.65625,260498.953125,237892.21875,273339.3125
1771506932.6931667,Concentrated,261834.515625,260562.171875,319991.4375,291713.625,275333.0,260498.0625,237893.734375,273334.21875
1771506932.6931667,Concentrated,261828.171875,260557.0625,319984.90625,291703.0625,275325.40625,260492.515625,237888.203125,273321.875
1771506932.7094572,Concentrated,261828.078125,260559.125,319984.0,291703.78125,275325.3125,260491.796875,237891.5,273321.0
1771506932.7094572,Concentrated,261832.453125,260563.5,319984.8125,291710.3125,275327.375,260492.25,237894.8125,273322.25
1771506932.7094572,Concentrated,261832.734375,260561.984375,319981.78125,291705.125,275325.5,260491.53125,237891.328125,273322.78125
1771506932.7355857,Concentrated,261832.546875,260562.609375,319973.5625,291706.625,275323.53125,260486.265625,237890.078125,273322.0625
1771506932.7355857,Concentrated,261838.546875,260567.171875,319977.5,291713.78125,275322.1875,260485.1875,237889.984375,273318.40625
1771506932.7355857,Concentrated,261834.515625,260561.71875,319972.9375,291695.90625,275313.15625,260477.046875,237882.75,273309.46875
1771506932.7355857,Concentrated,261836.484375,260562.703125,319969.15625,291695.90625,275312.15625,260475.796875,237880.953125,273309.8125
1771506932.7355857,Concentrated,261838.453125,260563.5,319965.15625,291700.375,275315.125,260479.015625,237879.53125,273317.3125
1771506932.7355857,Concentrated,261841.046875,260564.21875,319969.875,291695.8125,275318.96875,260484.921875,237880.0625,273324.375
1771506932.7355857,Concentrated,261841.3125,260564.765625,319968.1875,291703.40625,275319.6875,260487.328125,237882.03125,273324.21875
1771506932.7662249,Concentrated,261832.640625,260557.78125,319967.75,291682.78125,275314.3125,260486.078125,237874.96875,273318.21875
1771506932.7662249,Concentrated,261826.46875,260553.5,319968.0,291676.59375,275313.875,260484.03125,237873.359375,273318.03125
1771506932.7662249,Concentrated,261826.5625,260554.921875,319966.03125,291681.25,275319.875,260488.671875,237876.390625,273325.90625
1771506932.7662249,Concentrated,261827.453125,260557.6875,319966.3125,291679.09375,275324.875,260495.28125,237877.640625,273327.6875
1771506932.7662249,Concentrated,261833.078125,260566.015625,319973.5625,291695.90625,275331.75,260501.1875,237887.296875,273327.0625
1771506932.7662249,Concentrated,261831.390625,260564.3125,319967.375,291686.53125,275330.9375,260498.6875,237889.265625,273326.09375
1771506932.7662249,Concentrated,261831.125,260564.484375,319962.28125,291679.28125,275332.46875,260498.953125,237891.59375,273329.125
1771506932.7662249,Concentrated,261834.0625,260569.40625,319962.5625,291688.59375,275337.65625,260503.25,237894.640625,273333.0625
1771506932.7819178,Concentrated,261836.484375,260569.59375,319959.34375,291694.125,275339.34375,260503.15625,237896.421875,273336.8125
1771506932.7819178,Concentrated,261838.0,260562.515625,319953.4375,291689.75,275330.0625,260492.875,237889.71875,273325.375
1771506932.7819178,Concentrated,261837.109375,260558.671875,319952.4375,291684.75,275325.5,260490.375,237887.921875,273317.875
1771506932.7819178,Concentrated,261829.0625,260553.671875,319946.90625,291672.40625,275321.375,260488.046875,237883.90625,273315.0
1771506932.8238504,Concentrated,261832.640625,260558.40625,319949.84375,291679.46875,275324.78125,260492.421875,237884.171875,273317.875
1771506932.8238504,Concentrated,261836.21875,260563.6875,319946.375,291685.28125,275330.5,260496.625,237888.28125,273325.0
1771506932.8238504,Concentrated,261834.78125,260565.296875,319948.25,291686.0625,275330.59375,260494.578125,237890.25,273320.09375
1771506932.8238504,Concentrated,261832.453125,260562.25,319943.5,291684.8125,275327.0,260491.53125,237889.09375,273320.53125
1771506932.8238504,Concentrated,261831.390625,260559.75,319935.8125,291678.03125,275325.125,260489.296875,237886.140625,273320.71875
1771506932.8238504,Concentrated,261832.375,260559.484375,319931.625,291673.03125,275325.125,260486.703125,237883.90625,273321.0625
1771506932.8238504,Concentrated,261841.125,260564.40625,319934.84375,291676.25,275325.40625,260488.859375,237882.828125,273321.4375
1771506932.8238504,Concentrated,261844.984375,260566.28125,319939.5625,291678.5625,275322.625,260484.65625,237883.1875,273321.625
1771506932.8238504,Concentrated,261842.03125,260564.484375,319934.75,291679.625,275318.4375,260480.171875,237884.078125,273316.34375
1771506932.8238504,Concentrated,261843.28125,260564.484375,319933.78125,291675.625,275318.15625,260480.453125,237884.984375,273311.96875
1771506932.8238504,Concentrated,261846.5,260564.40625,319935.09375,291669.09375,275320.125,260484.109375,237882.5625,273315.71875
1771506932.8468313,Concentrated,261844.0,260559.9375,319931.53125,291667.5625,275318.59375,260483.84375,237879.171875,273320.4375
1771506932.8468313,Concentrated,261839.875,260557.0625,319932.4375,291664.8125,275317.53125,260483.671875,237879.875,273321.71875
1771506932.8468313,Concentrated,261837.28125,260557.25,319934.03125,291666.5,275314.59375,260481.515625,237881.40625,273314.1875
1771506932.8468313,Concentrated,261834.78125,260558.046875,319925.4375,291669.28125,275315.21875,260481.078125,237881.40625,273312.3125
1771506932.8468313,Concentrated,261838.71875,260564.84375,319934.21875,291680.1875,275322.625,260489.390625,237885.609375,273318.5
1771506932.8705864,Concentrated,261833.796875,260562.25,319927.96875,291672.5,275323.34375,260491.4375,237881.84375,273322.25
1771506932.8705864,Concentrated,261827.546875,260555.734375,319917.40625,291651.9375,275317.8125,260482.6875,237878.09375,273319.1875
1771506932.8705864,Concentrated,261826.46875,260555.453125,319917.40625,291651.9375,275317.53125,260481.515625,237881.046875,273316.25
1771506932.8705864,Concentrated,261830.40625,260559.484375,319922.84375,291661.21875,275322.71875,260484.296875,237884.984375,273317.3125
1771506932.8705864,Concentrated,261832.640625,260560.640625,319924.65625,291661.5,275326.75,260485.90625,237886.140625,273322.15625
1771506932.8705864,Concentrated,261829.6875,260558.328125,319917.75,291656.84375,275326.84375,260485.546875,237885.78125,273325.71875
1771506932.8987265,Concentrated,261827.359375,260557.421875,319910.625,291659.875,275324.6875,260479.90625,237886.859375,273323.03125
1771506932.8987265,Concentrated,261827.90625,260560.640625,319918.21875,291658.375,275325.59375,260482.421875,237889.0,273320.53125
1771506932.8987265,Concentrated,261824.140625,260557.15625,319914.71875,291646.5625,275322.28125,260482.421875,237884.890625,273315.71875
1771506932.8987265,Concentrated,261826.109375,260559.03125,319917.5,291652.5625,275326.46875,260488.578125,237885.515625,273316.96875
1771506932.8987265,Concentrated,261832.015625,260561.625,319919.90625,291657.03125,275330.9375,260493.59375,237886.859375,273318.5
1771506932.8987265,Concentrated,261834.875,260562.875,319922.6875,291661.3125,275332.28125,260495.28125,237889.0,273319.03125
1771506932.8987265,Concentrated,261832.28125,260558.5,319920.34375,291653.09375,275327.28125,260490.453125,237885.6875,273312.59375
1771506932.9346213,Concentrated,261831.390625,260557.96875,319919.28125,291647.09375,275327.71875,260493.859375,237884.703125,273314.28125
1771506932.9346213,Concentrated,261836.484375,260560.828125,319915.71875,291651.9375,275327.46875,260490.28125,237883.90625,273314.8125
1771506932.9346213,Concentrated,261838.8125,260561.984375,319909.28125,291647.09375,275325.125,260486.171875,237880.953125,273312.5
1771506932.9346213,Concentrated,261841.3125,260566.28125,319911.9375,291647.375,275325.6875,260487.328125,237882.296875,273312.21875
1771506932.9346213,Concentrated,261844.0,260569.859375,319916.34375,291653.0,275325.3125,260488.046875,237885.421875,273309.28125
1771506932.9346213,Concentrated,261846.671875,260572.453125,319922.84375,291649.6875,275328.25,260492.25,237888.203125,273309.46875
1771506932.9346213,Concentrated,261846.765625,260571.46875,319914.625,291654.6875,275329.96875,260491.171875,237889.71875,273312.84375
1771506932.9346213,Concentrated,261845.328125,260568.6875,319910.0625,291653.625,275328.4375,260489.828125,237887.484375,273311.5
1771506932.9519768,Concentrated,261842.03125,260564.40625,319904.96875,291652.375,275324.6875,260486.265625,237885.25,273308.125
1771506932.9519768,Concentrated,261836.65625,260559.296875,319902.125,291643.96875,275319.78125,260482.234375,237882.828125,273306.9375
1771506932.9519768,Concentrated,261834.15625,260558.234375,319894.875,291638.5,275319.0625,260480.53125,237881.578125,273305.4375
1771506932.9519768,Concentrated,261842.921875,260567.0,319902.5625,291653.09375,275328.1875,260487.59375,237889.1875,273315.71875
1771506932.9519768,Concentrated,261840.953125,260563.859375,319901.59375,291641.375,275328.25,260487.59375,237887.484375,273315.90625
1771506932.9988444,Concentrated,261839.796875,260564.40625,319899.34375,291642.09375,275332.09375,260489.203125,237891.0625,273320.1875
1771506932.9988444,Concentrated,261838.890625,260564.578125,319898.09375,291638.34375,275331.5625,260489.203125,237892.578125,273321.15625
1771506932.9988444,Concentrated,261837.28125,260560.640625,319898.09375,291631.8125,275325.3125,260483.75,237886.59375,273306.3125
1771506932.9988444,Concentrated,261841.3125,260565.109375,319896.46875,291638.5,275330.84375,260490.640625,237888.109375,273311.6875
1771506932.9988444,Concentrated,261849.625,260573.875,319901.125,291653.875,275338.1875,260494.484375,237894.28125,273320.375
1771506932.9988444,Concentrated,261850.609375,260575.671875,319902.75,291648.625,275339.4375,260493.765625,237895.625,273318.40625
1771506933.0555618,Concentrated,261846.234375,260570.65625,319899.0,291630.28125,275334.0625,260490.1875,237890.15625,273310.78125
1771506933.0555618,Concentrated,261843.8125,260568.953125,319899.0,291631.375,275332.75,260489.75,237889.453125,273312.3125
1771506933.0555618,Concentrated,261845.6875,260571.28125,319899.625,291635.28125,275336.21875,260493.859375,237891.140625,273320.1875
1771506933.0555618,Concentrated,261844.984375,260572.453125,319896.40625,291639.40625,275339.875,260496.09375,237893.03125,273321.875
1771506933.0555618,Concentrated,261838.453125,260561.265625,319888.71875,291637.0,275330.5,260488.140625,237886.765625,273315.90625
1771506933.0555618,Concentrated,261838.71875,260556.0,319882.34375,291626.0,275325.125,260483.125,237885.15625,273313.3125
1771506933.0555618,Concentrated,261845.328125,260563.15625,319888.71875,291633.15625,275327.375,260486.265625,237887.296875,273311.25
1771506933.0555618,Concentrated,261846.3125,260562.875,319884.59375,291624.21875,275324.78125,260484.65625,237882.5625,273310.25
1771506933.0555618,Concentrated,261851.765625,260568.953125,319879.21875,291635.75,275330.21875,260488.40625,237886.40625,273315.625
1771506933.0555618,Concentrated,261856.59375,260575.578125,319888.25,291634.9375,275336.03125,260493.859375,237890.796875,273318.3125
1771506933.0555618,Concentrated,261855.703125,260574.0625,319890.03125,291629.3125,275332.46875,260490.1875,237889.0,273310.53125
1771506933.0555618,Concentrated,261850.609375,260568.421875,319882.625,291619.1875,275326.46875,260483.578125,237885.25,273306.59375
1771506933.0555618,Concentrated,261851.859375,260570.03125,319877.875,291626.625,275329.15625,260485.71875,237885.6875,273312.6875
1771506933.0741847,Concentrated,261849.796875,260567.078125,319871.625,291637.96875,275326.65625,260483.046875,237883.90625,273313.125
1771506933.0741847,Concentrated,261840.953125,260555.015625,319861.78125,291611.4375,275315.65625,260470.34375,237874.515625,273307.03125
1771506933.0741847,Concentrated,261839.796875,260555.546875,319858.75,291612.59375,275315.9375,260471.953125,237877.5625,273303.09375
1771506933.0741847,Concentrated,261842.109375,260560.109375,319862.0625,291616.59375,275320.65625,260477.859375,237881.9375,273306.40625
1771506933.0741847,Concentrated,261841.125,260560.109375,319864.84375,291610.34375,275322.0,260481.703125,237879.171875,273306.25
1771506933.0741847,Concentrated,261841.3125,260558.765625,319861.625,291609.1875,275320.9375,260481.703125,237875.59375,273307.21875
1771506933.0741847,Concentrated,261840.0625,260558.859375,319863.65625,291608.125,275321.125,260482.234375,237876.484375,273310.625
1771506933.0741847,Concentrated,261835.859375,260556.796875,319862.34375,291604.1875,275317.0,260479.015625,237874.875,273304.0
1771506933.0741847,Concentrated,261831.75,260552.859375,319852.6875,291601.3125,275311.90625,260472.484375,237870.9375,273298.90625
1771506933.0741847,Concentrated,261832.453125,260554.828125,319852.84375,291604.53125,275314.84375,260475.265625,237870.765625,273299.71875
1771506933.0741847,Concentrated,261836.65625,260558.5,319859.65625,291614.09375,275319.40625,260477.59375,237873.359375,273303.1875
1771506933.0741847,Concentrated,261838.890625,260559.75,319860.28125,291602.40625,275323.0,260479.546875,237876.03125,273307.5
1771506933.091865,Concentrated,261837.5625,260563.59375,319862.6875,291600.25,275325.21875,260483.3125,237879.609375,273308.28125
1771506933.091865,Concentrated,261835.046875,260564.484375,319856.78125,291600.4375,275326.3125,260485.640625,237879.078125,273308.125
1771506933.091865,Concentrated,261837.640625,260567.171875,319851.96875,291605.0,275330.5,260488.046875,237880.328125,273311.875
1771506933.091865,Concentrated,261839.609375,260569.140625,319853.125,291605.875,275330.6875,260489.125,237879.96875,273310.34375
1771506933.1155968,Concentrated,261835.671875,260562.703125,319848.46875,291598.8125,275322.8125,260480.0,237874.25,273302.65625
1771506933.1155968,Concentrated,261842.5625,260567.984375,319854.0,291603.375,275326.84375,260485.71875,237877.203125,273307.03125
1771506933.1155968,Concentrated,261842.109375,260568.6875,319858.65625,291595.34375,275328.4375,260489.390625,237878.265625,273307.84375
1771506933.1155968,Concentrated,261844.890625,260567.53125,319851.15625,291594.25,275330.5,260489.5625,237878.359375,273309.46875
1771506933.1155968,Concentrated,261844.703125,260566.1875,319848.28125,291598.8125,275332.5625,260489.65625,237881.21875,273306.59375
1771506933.1155968,Concentrated,261848.90625,260571.640625,319850.875,291609.46875,275337.90625,260493.59375,237890.15625,273311.59375
1771506933.138758,Concentrated,261841.765625,260568.421875,319848.03125,291603.65625,275333.1875,260488.21875,237887.296875,273304.09375
1771506933.138758,Concentrated,261839.4375,260566.1875,319844.8125,291591.125,275332.46875,260486.171875,237887.484375,273304.09375
1771506933.138758,Concentrated,261845.609375,260569.859375,319845.4375,291597.375,275336.65625,260491.0,237888.640625,273311.6875
1771506933.138758,Concentrated,261839.34375,260562.609375,319841.3125,291581.65625,275330.21875,260485.359375,237878.359375,273309.46875
1771506933.138758,Concentrated,261836.75,260563.78125,319840.4375,291589.6875,275329.59375,260485.546875,237880.6875,273308.84375
1771506933.138758,Concentrated,261836.578125,260563.59375,319840.25,291589.53125,275328.34375,260486.171875,237883.8125,273308.125
1771506933.138758,Concentrated,261832.640625,260558.140625,319841.5,291581.03125,275325.40625,260485.28125,237880.859375,273307.65625
1771506933.138758,Concentrated,261829.953125,260552.234375,319834.15625,291579.5,275322.46875,260481.34375,237875.6875,273305.4375
1771506933.162518,Concentrated,261829.328125,260549.921875,319833.375,291577.90625,275322.375,260482.953125,237872.546875,273305.0625
1771506933.162518,Concentrated,261827.71875,260547.5,319827.28125,291576.03125,275321.46875,260481.78125,237871.828125,273301.84375
1771506933.162518,Concentrated,261830.9375,260554.203125,319833.625,291586.03125,275324.6875,260484.375,237877.296875,273300.4375
1771506933.162518,Concentrated,261831.125,260556.4375,319831.9375,291577.28125,275325.3125,260483.84375,237876.03125,273299.96875
1771506933.162518,Concentrated,261832.546875,260559.84375,319824.5,291578.4375,275328.625,260485.71875,237877.828125,273303.1875
1771506933.20255,Concentrated,261831.65625,260553.84375,319818.0625,291575.3125,275320.5,260474.640625,237870.578125,273298.71875
1771506933.20255,Concentrated,261833.53125,260547.859375,319813.4375,291577.09375,275311.46875,260464.265625,237865.046875,273291.5625
1771506933.20255,Concentrated,261834.609375,260549.203125,319818.6875,291569.5,275311.0,260464.625,237867.8125,273290.84375
1771506933.20255,Concentrated,261833.171875,260549.921875,319816.71875,291563.40625,275312.8125,260467.390625,237867.71875,273295.78125
1771506933.20255,Concentrated,261843.28125,260558.140625,319820.21875,291570.28125,275321.8125,260476.15625,237874.15625,273308.75
1771506933.20255,Concentrated,261849.71875,260564.84375,319828.96875,291573.0625,275331.5625,260488.578125,237879.875,273324.84375
1771506933.20255,Concentrated,261849.265625,260562.96875,319830.9375,291570.84375,275331.65625,260490.734375,237880.6875,273327.0625
1771506933.2268338,Concentrated,261849.171875,260568.25,319837.21875,291579.3125,275338.90625,260498.421875,237890.15625,273331.28125
1771506933.2268338,Concentrated,261840.0625,260565.46875,319836.125,291571.46875,275340.15625,260499.21875,237890.515625,273334.21875
1771506933.2268338,Concentrated,261833.71875,260562.078125,319829.875,291570.21875,275340.25,260496.984375,237887.484375,273333.0625
1771506933.2268338,Concentrated,261826.203125,260558.40625,319815.125,291564.03125,275339.71875,260494.3125,237884.0,273329.46875
1771506933.2268338,Concentrated,261820.390625,260551.96875,319805.90625,291556.875,275333.09375,260485.8125,237878.453125,273321.15625
1771506933.2268338,Concentrated,261823.078125,260554.65625,319806.0,291568.59375,275330.15625,260481.25,237878.546875,273306.6875
1771506933.2268338,Concentrated,261818.875,260552.0625,319800.46875,291568.40625,275325.59375,260476.78125,237874.25,273304.1875
1771506933.2268338,Concentrated,261810.203125,260541.78125,319793.03125,291536.0625,275315.03125,260469.0,237859.5,273294.6875
1771506933.2268338,Concentrated,261812.96875,260545.265625,319795.46875,291542.125,275316.65625,260472.484375,237858.6875,273296.03125
1771506933.2586977,Concentrated,261816.546875,260549.015625,319796.78125,291551.6875,275316.65625,260470.25,237862.0,273301.21875
1771506933.2586977,Concentrated,261815.46875,260548.75,319796.96875,291558.5,275313.59375,260466.765625,237864.0625,273298.71875
1771506933.2586977,Concentrated,261811.265625,260546.15625,319789.375,291561.875,275311.90625,260464.0,237864.0625,273295.15625
1771506933.2586977,Concentrated,261804.125,260536.328125,319777.3125,291536.84375,275305.03125,260457.203125,237854.21875,273292.65625
1771506933.2586977,Concentrated,261798.03125,260528.375,319768.0,291529.53125,275299.75,260451.21875,237847.96875,273290.6875
1771506933.2818909,Concentrated,261797.5,260529.625,319767.46875,291527.375,275301.875,260454.96875,237849.3125,273294.15625
1771506933.2818909,Concentrated,261802.59375,260536.5,319777.5625,291529.71875,275304.75,260460.0625,237854.3125,273295.59375
1771506933.2818909,Concentrated,261804.203125,260540.34375,319780.53125,291529.625,275307.875,260462.828125,237858.25,273299.96875
1771506933.2818909,Concentrated,261808.765625,260545.71875,319780.96875,291533.5625,275313.875,260467.296875,237861.28125,273303.65625
1771506933.2818909,Concentrated,261817.171875,260553.5,319787.40625,291538.8125,275320.40625,260472.40625,237862.625,273302.75
1771506933.2818909,Concentrated,261819.765625,260556.625,319785.8125,291549.03125,275323.78125,260474.640625,237867.984375,273309.1875
1771506933.2818909,Concentrated,261811.625,260549.015625,319771.3125,291533.625,275317.71875,260467.296875,237864.6875,273303.90625
1771506933.2990744,Concentrated,261808.59375,260544.109375,319765.78125,291522.5625,275314.40625,260463.109375,237859.765625,273299.625
1771506933.2990744,Concentrated,261810.203125,260544.46875,319763.8125,291525.875,275317.09375,260465.0625,237858.609375,273302.65625
1771506933.2990744,Concentrated,261813.59375,260547.328125,319762.71875,291537.75,275320.65625,260469.625,237860.125,273308.03125
1771506933.2990744,Concentrated,261817.53125,260550.359375,319765.5,291539.0,275322.0,260471.6875,237864.859375,273314.28125
1771506933.2990744,Concentrated,261809.296875,260541.328125,319757.8125,291515.5625,275311.1875,260461.9375,237855.828125,273301.6875
1771506933.2990744,Concentrated,261811.71875,260546.34375,319761.9375,291522.46875,275313.875,260464.71875,237859.765625,273303.03125
1771506933.328865,Concentrated,261810.46875,260547.5,319756.375,291532.375,275315.75,260464.359375,237861.375,273304.71875
1771506933.328865,Concentrated,261816.28125,260553.140625,319763.71875,291536.6875,275322.0,260471.6875,237865.125,273309.46875
1771506933.328865,Concentrated,261814.3125,260552.6875,319766.5625,291535.6875,275323.78125,260473.65625,237867.546875,273309.375
1771506933.328865,Concentrated,261805.1875,260543.296875,319756.28125,291518.09375,275319.0625,260467.390625,237865.671875,273304.09375
1771506933.328865,Concentrated,261806.265625,260542.5,319755.40625,291521.84375,275320.3125,260470.96875,237867.8125,273304.09375
1771506933.328865,Concentrated,261805.375,260540.34375,319753.78125,291522.28125,275321.46875,260472.765625,237867.546875,273308.28125
1771506933.328865,Concentrated,261804.921875,260539.90625,319757.0,291520.21875,275321.03125,260473.203125,237863.15625,273309.0
1771506933.328865,Concentrated,261806.703125,260542.9375,319757.1875,291523.0,275320.9375,260473.65625,237864.765625,273306.78125
1771506933.354996,Concentrated,261801.25,260542.5,319755.5,291523.28125,275319.5,260470.515625,237867.640625,273303.03125
1771506933.354996,Concentrated,261796.875,260538.390625,319745.84375,291515.3125,275315.65625,260465.96875,237863.96875,273300.0625
1771506933.354996,Concentrated,261805.1875,260546.15625,319746.71875,291533.46875,275319.5,260468.828125,237866.921875,273304.1875
1771506933.354996,Concentrated,261810.109375,260549.296875,319745.84375,291532.03125,275320.3125,260470.515625,237864.59375,273307.84375
1771506933.354996,Concentrated,261805.015625,260543.03125,319742.0,291503.59375,275310.90625,260462.296875,237854.578125,273300.875
1771506933.354996,Concentrated,261800.8125,260542.140625,319744.03125,291498.3125,275305.71875,260458.984375,237850.921875,273297.375
1771506933.3731284,Concentrated,261801.078125,260546.78125,319745.375,291508.875,275306.09375,260460.421875,237854.84375,273298.625
1771506933.3731284,Concentrated,261806.171875,260546.15625,319744.03125,291505.5625,275301.8125,260458.359375,237849.3125,273291.21875
1771506933.3731284,Concentrated,261812.34375,260545.71875,319744.84375,291505.125,275300.375,260457.65625,237845.90625,273290.59375
1771506933.3987205,Concentrated,261812.4375,260546.15625,319751.1875,291505.03125,275301.0,260459.171875,237848.140625,273290.6875
1771506933.3987205,Concentrated,261812.078125,260545.625,319750.5625,291504.21875,275297.34375,260453.625,237848.859375,273285.6875
1771506933.3987205,Concentrated,261808.671875,260542.671875,319744.59375,291500.90625,275294.90625,260452.28125,237846.984375,273282.8125
1771506933.3987205,Concentrated,261815.03125,260548.671875,319744.65625,291515.75,275302.6875,260459.609375,237853.234375,273291.40625
1771506933.3987205,Concentrated,261810.109375,260543.296875,319741.09375,291499.9375,275300.1875,260457.375,237846.625,273291.3125
1771506933.3987205,Concentrated,261811.625,260544.546875,319744.03125,291496.53125,275302.78125,260458.90625,237848.328125,273291.75
1771506933.3987205,Concentrated,261814.046875,260547.0625,319738.40625,291494.5625,275305.375,260460.6875,237852.796875,273291.75
1771506933.3987205,Concentrated,261811.1875,260545.453125,319734.46875,291493.0625,275305.375,260459.890625,237854.046875,273292.1875
1771506933.4238129,Concentrated,261811.625,260546.609375,319735.28125,291499.3125,275308.15625,260461.40625,237855.921875,273295.96875
1771506933.4238129,Concentrated,261812.4375,260544.375,319725.28125,291499.84375,275308.15625,260460.328125,237855.75,273296.3125
1771506933.4238129,Concentrated,261812.609375,260545.984375,319728.40625,291493.75,275310.75,260463.640625,237858.328125,273295.78125
1771506933.4238129,Concentrated,261810.109375,260547.859375,319729.75,291495.46875,275314.0625,260466.765625,237863.515625,273297.375
1771506933.4238129,Concentrated,261809.125,260547.953125,319729.125,291495.46875,275315.03125,260465.15625,237866.03125,273297.375
1771506933.4238129,Concentrated,261810.828125,260551.53125,319732.5,291496.1875,275319.3125,260470.25,237868.171875,273302.21875
1771506933.449343,Concentrated,261816.28125,260558.140625,319732.875,291508.15625,275324.78125,260474.546875,237872.546875,273304.28125
1771506933.449343,Concentrated,261820.390625,260560.5625,319736.09375,291503.34375,275325.9375,260475.703125,237873.09375,273306.3125
1771506933.449343,Concentrated,261819.5,260561.546875,319734.84375,291503.34375,275324.40625,260475.34375,237875.765625,273303.375
1771506933.449343,Concentrated,261813.0625,260554.828125,319727.25,291489.375,275317.4375,260469.265625,237870.3125,273294.78125
1771506933.449343,Concentrated,261810.828125,260549.109375,319718.46875,291488.5,275312.875,260466.328125,237864.6875,273295.78125
1771506933.449343,Concentrated,261815.46875,260552.15625,319722.40625,291496.8125,275316.375,260471.234375,237867.71875,273300.34375
1771506933.449343,Concentrated,261809.390625,260545.453125,319716.3125,291486.0625,275308.9375,260463.1875,237862.453125,273294.34375
1771506933.4712439,Concentrated,261806.265625,260542.3125,319716.6875,291479.625,275303.40625,260460.953125,237859.140625,273288.09375
1771506933.4712439,Concentrated,261808.859375,260545.453125,319720.53125,291493.6875,275304.03125,260462.125,237861.109375,273289.25
1771506933.4712439,Concentrated,261811.265625,260543.921875,319716.96875,291484.71875,275303.21875,260459.796875,237860.296875,273287.375
1771506933.4712439,Concentrated,261813.234375,260542.140625,319707.5625,291475.15625,275302.5,260456.9375,237857.53125,273289.6875
1771506933.4712439,Concentrated,261812.078125,260544.109375,319705.15625,291479.09375,275303.6875,260456.21875,237860.03125,273292.03125
1771506933.4712439,Concentrated,261805.1875,260539.640625,319697.71875,291468.5625,275300.0,260451.484375,237858.6875,273291.21875
1771506933.4870508,Concentrated,261798.65625,260535.078125,319687.53125,291464.0,275294.65625,260445.046875,237854.765625,273284.96875
1771506933.4870508,Concentrated,261801.875,260538.296875,319686.28125,291467.5625,275299.375,260448.796875,237857.53125,273291.75
1771506933.5169275,Concentrated,261805.453125,260541.609375,319693.53125,291472.21875,275303.84375,260452.828125,237859.9375,273294.0
1771506933.5169275,Concentrated,261810.375,260544.375,319698.0,291475.0,275307.15625,260457.5625,237861.546875,273293.53125
1771506933.5169275,Concentrated,261811.1875,260547.40625,319701.75,291481.25,275313.6875,260464.71875,237868.703125,273299.4375
1771506933.5169275,Concentrated,261808.140625,260546.515625,319702.90625,291473.5625,275317.71875,260466.40625,237871.65625,273300.4375
1771506933.5169275,Concentrated,261808.5,260546.34375,319701.03125,291466.59375,275319.6875,260466.5,237871.390625,273297.46875
1771506933.5169275,Concentrated,261805.90625,260544.109375,319693.8125,291474.375,275319.15625,260462.828125,237869.25,273296.65625
1771506933.539432,Concentrated,261806.625,260546.96875,319693.53125,291477.59375,275323.53125,260466.046875,237874.78125,273300.4375
1771506933.539432,Concentrated,261805.8125,260549.296875,319698.71875,291474.09375,275323.96875,260466.765625,237877.203125,273297.65625
1771506933.539432,Concentrated,261799.921875,260546.703125,319698.53125,291461.5,275318.78125,260463.734375,237870.765625,273290.84375
1771506933.539432,Concentrated,261801.171875,260547.953125,319696.03125,291462.46875,275318.78125,260464.71875,237868.4375,273290.40625
1771506933.539432,Concentrated,261805.375,260550.0,319698.625,291463.375,275319.25,260466.859375,237865.578125,273292.375
1771506933.539432,Concentrated,261809.921875,260553.5,319699.59375,291470.6875,275320.84375,260468.28125,237869.59375,273295.0625
1771506933.539432,Concentrated,261809.484375,260552.234375,319692.90625,291472.40625,275317.28125,260462.828125,237870.3125,273290.84375
1771506933.539432,Concentrated,261805.015625,260545.984375,319690.125,291461.21875,275310.03125,260456.9375,237863.4375,273287.09375
1771506933.539432,Concentrated,261811.0,260547.40625,319692.71875,291467.21875,275311.625,260459.796875,237865.390625,273290.40625
1771506933.5668867,Concentrated,261815.734375,260547.5,319692.625,291473.125,275312.625,260461.671875,237867.09375,273293.625
1771506933.5668867,Concentrated,261812.34375,260542.9375,319687.90625,291460.59375,275308.40625,260458.546875,237863.78125,273292.5625
1771506933.5668867,Concentrated,261804.03125,260539.015625,319684.40625,291448.96875,275302.34375,260453.265625,237860.65625,273287.28125
1771506933.5668867,Concentrated,261803.21875,260539.015625,319682.96875,291447.4375,275300.28125,260453.359375,237859.765625,273286.65625
1771506933.5668867,Concentrated,261806.625,260540.890625,319685.03125,291451.03125,275303.5,260457.5625,237859.046875,273290.59375
1771506933.5955992,Concentrated,261807.421875,260539.90625,319685.84375,291453.71875,275304.3125,260459.078125,237859.59375,273293.8125
1771506933.5955992,Concentrated,261799.109375,260528.640625,319680.21875,291434.84375,275296.96875,260452.28125,237851.453125,273290.59375
1771506933.5955992,Concentrated,261791.328125,260522.921875,319667.15625,291434.03125,275291.4375,260444.78125,237850.828125,273284.5
1771506933.5955992,Concentrated,261790.890625,260521.75,319660.71875,291437.71875,275290.625,260443.34375,237853.0625,273285.125
1771506933.5955992,Concentrated,261787.125,260515.9375,319657.125,291425.28125,275289.375,260443.875,237847.96875,273286.5625
1771506933.5955992,Concentrated,261789.09375,260518.71875,319658.21875,291437.4375,275294.75,260447.1875,237850.375,273291.125
1771506933.5955992,Concentrated,261793.296875,260523.265625,319660.71875,291439.125,275300.09375,260451.125,237855.65625,273296.03125
1771506933.5955992,Concentrated,261792.671875,260524.875,319663.5,291431.0,275300.625,260452.375,237857.796875,273294.78125
1771506933.6134186,Concentrated,261788.828125,260522.203125,319661.96875,291425.0,275298.03125,260450.765625,237854.671875,273287.1875
1771506933.6134186,Concentrated,261791.78125,260523.546875,319659.8125,291429.9375,275300.71875,260453.171875,237854.9375,273285.84375
1771506933.6134186,Concentrated,261794.8125,260524.609375,319657.0625,291435.90625,275302.6875,260452.46875,237857.171875,273288.625
1771506933.6134186,Concentrated,261796.96875,260525.59375,319658.46875,291429.5625,275303.40625,260454.25,237856.90625,273287.46875
1771506933.6387448,Concentrated,261795.796875,260525.59375,319658.40625,291420.625,275302.78125,260453.796875,237857.984375,273284.78125
1771506933.6387448,Concentrated,261796.96875,260528.640625,319656.96875,291425.0,275302.78125,260452.46875,237858.15625,273280.21875
1771506933.6387448,Concentrated,261798.484375,260530.96875,319650.0,291428.75,275303.6875,260452.734375,237856.1875,273281.03125
1771506933.6387448,Concentrated,261801.171875,260533.640625,319650.78125,291430.0,275305.90625,260454.703125,237857.703125,273287.28125
1771506933.6387448,Concentrated,261801.4375,260537.125,319657.78125,291433.78125,275306.09375,260454.703125,237860.390625,273287.0
1771506933.6387448,Concentrated,261798.21875,260534.71875,319653.5625,291433.3125,275302.4375,260452.109375,237861.546875,273285.5
1771506933.6387448,Concentrated,261790.890625,260526.578125,319640.78125,291415.4375,275296.53125,260445.484375,237858.875,273283.71875
1771506933.6387448,Concentrated,261789.546875,260525.953125,319638.8125,291414.5625,275296.96875,260444.328125,237856.8125,273283.0
1771506933.6706612,Concentrated,261793.03125,260526.84375,319636.5,291417.6875,275299.125,260445.21875,237855.828125,273288.71875
1771506933.6706612,Concentrated,261794.375,260528.8125,319638.53125,291418.40625,275301.0,260447.8125,237856.546875,273293.53125
1771506933.6706612,Concentrated,261791.953125,260530.78125,319639.0,291414.46875,275298.84375,260448.265625,237852.796875,273283.625
1771506933.6706612,Concentrated,261792.21875,260533.375,319639.25,291419.65625,275300.625,260452.1875,237854.578125,273286.21875
1771506933.6706612,Concentrated,261794.90625,260536.78125,319641.59375,291428.0625,275304.5625,260457.203125,237856.8125,273290.0625
1771506933.6706612,Concentrated,261790.265625,260531.953125,319637.1875,291414.375,275302.6875,260456.578125,237850.640625,273291.46875
1771506933.695784,Concentrated,261787.9375,260529.0,319632.65625,291415.875,275300.1875,260454.609375,237850.015625,273291.125
1771506933.695784,Concentrated,261784.53125,260526.140625,319630.59375,291406.6875,275295.09375,260452.1875,237848.859375,273281.90625
1771506933.7206407,Concentrated,261786.6875,260529.625,319633.4375,291413.75,275297.6875,260454.96875,237854.140625,273283.96875
1771506933.7206407,Concentrated,261781.765625,260523.09375,319632.71875,291408.125,275295.09375,260452.1875,237848.765625,273286.03125
1771506933.7206407,Concentrated,261781.9375,260522.375,319638.28125,291401.84375,275298.40625,260455.328125,237848.953125,273291.65625
1771506933.7206407,Concentrated,261777.390625,260520.6875,319632.28125,291403.375,275299.3125,260454.515625,237851.546875,273293.53125
1771506933.7206407,Concentrated,261775.6875,260521.03125,319628.8125,291408.75,275300.71875,260454.25,237856.453125,273291.3125
1771506933.7206407,Concentrated,261770.5,260518.4375,319624.0625,291394.96875,275299.375,260450.859375,237855.5625,273288.34375
1771506933.7206407,Concentrated,261767.1875,260518.171875,319619.15625,291396.84375,275298.59375,260446.203125,237853.421875,273285.3125
1771506933.7206407,Concentrated,261775.59375,260527.390625,319622.71875,291411.6875,275306.09375,260451.125,237858.609375,273292.65625
1771506933.7206407,Concentrated,261774.171875,260530.78125,319622.90625,291405.4375,275307.4375,260451.921875,237859.046875,273289.59375
1771506933.7206407,Concentrated,261772.5625,260532.578125,319624.0625,291398.0,275304.65625,260447.359375,237858.609375,273286.375
1771506933.7206407,Concentrated,261778.453125,260538.921875,319630.125,291403.625,275307.15625,260450.140625,237861.640625,273289.78125
1771506933.7475867,Concentrated,261785.796875,260544.734375,319628.96875,291420.1875,275312.25,260457.109375,237866.03125,273296.65625
1771506933.7475867,Concentrated,261781.671875,260536.421875,319621.5625,291405.875,275307.34375,260454.078125,237856.453125,273295.6875
1771506933.7475867,Concentrated,261784.1875,260534.53125,319624.40625,291397.84375,275306.71875,260455.765625,237855.65625,273294.875
1771506933.7475867,Concentrated,261784.1875,260531.765625,319620.9375,291389.78125,275304.03125,260454.78125,237855.46875,273293.4375
1771506933.7475867,Concentrated,261782.75,260530.15625,319620.21875,291390.9375,275301.875,260453.53125,237853.78125,273295.25
1771506933.7475867,Concentrated,261794.46875,260538.296875,319628.875,291404.53125,275307.6875,260461.765625,237856.71875,273299.71875
1771506933.7680826,Concentrated,261795.171875,260536.953125,319622.375,291394.625,275308.25,260463.640625,237853.15625,273302.46875
1771506933.7680826,Concentrated,261788.65625,260528.640625,319608.5,291379.9375,275299.46875,260454.34375,237845.375,273292.75
1771506933.7680826,Concentrated,261789.28125,260529.0,319606.8125,291382.1875,275297.0625,260451.5625,237847.25,273289.875
1771506933.7680826,Concentrated,261791.78125,260531.953125,319608.5,291387.71875,275298.9375,260452.28125,237851.890625,273291.65625
1771506933.7680826,Concentrated,261797.140625,260534.8125,319606.1875,291392.375,275302.34375,260454.515625,237855.109375,273293.28125
1771506933.7680826,Concentrated,261800.71875,260538.5625,319606.625,291396.40625,275306.4375,260457.203125,237858.78125,273296.03125
1771506933.7963133,Concentrated,261799.5625,260537.3125,319604.84375,291393.0,275304.9375,260453.09375,237858.875,273294.34375
1771506933.7963133,Concentrated,261791.421875,260534.53125,319601.0,291391.65625,275303.59375,260451.03125,237859.5,273294.15625
1771506933.7963133,Concentrated,261791.59375,260537.671875,319601.53125,291396.03125,275307.0625,260453.625,237865.671875,273293.625
1771506933.7963133,Concentrated,261798.75,260542.765625,319611.1875,291395.40625,275311.90625,260460.59375,237868.078125,273295.875
1771506933.7963133,Concentrated,261792.671875,260535.609375,319597.40625,291381.75,275308.875,260457.109375,237861.828125,273293.53125
1771506933.7963133,Concentrated,261795.0,260538.921875,319596.96875,291394.34375,275311.0,260456.3125,237864.859375,273291.84375
1771506933.7963133,Concentrated,261797.59375,260542.140625,319602.5,291396.84375,275314.125,260458.453125,237870.5,273293.0
1771506933.8237665,Concentrated,261795.09375,260542.046875,319608.0625,291392.65625,275313.15625,260459.609375,237868.4375,273287.625
1771506933.8237665,Concentrated,261796.78125,260543.484375,319609.21875,291390.75,275315.03125,260462.921875,237865.3125,273290.15625
1771506933.8237665,Concentrated,261798.21875,260541.6875,319599.5625,291380.84375,275315.65625,260461.84375,237861.640625,273294.4375
1771506933.8237665,Concentrated,261792.5,260536.953125,319594.03125,291371.1875,275311.28125,260457.5625,237855.65625,273289.78125
1771506933.8237665,Concentrated,261793.296875,260541.25,319599.65625,291373.59375,275312.625,260460.0625,237858.0625,273284.40625
1771506933.8237665,Concentrated,261791.953125,260542.578125,319604.3125,291375.03125,275313.96875,260462.5625,237860.921875,273284.25
1771506933.8237665,Concentrated,261789.71875,260539.8125,319598.9375,291369.125,275312.25,260461.21875,237858.78125,273286.9375
1771506933.8237665,Concentrated,261794.734375,260541.421875,319598.9375,291368.15625,275314.125,260463.453125,237859.59375,273290.15625
1771506933.8493788,Concentrated,261799.921875,260546.609375,319599.65625,291384.15625,275317.96875,260467.03125,237864.953125,273291.21875
1771506933.8493788,Concentrated,261798.9375,260548.484375,319600.09375,291378.34375,275317.71875,260466.671875,237867.1875,273288.53125
1771506933.8493788,Concentrated,261797.765625,260547.40625,319593.9375,291367.15625,275314.6875,260463.1875,237863.515625,273287.0
1771506933.8493788,Concentrated,261797.140625,260547.140625,319592.21875,291365.09375,275313.0625,260462.390625,237860.390625,273287.90625
1771506933.8493788,Concentrated,261799.640625,260548.390625,319593.5625,291369.3125,275312.15625,260461.9375,237858.953125,273287.09375
1771506933.8493788,Concentrated,261802.328125,260547.234375,319592.0625,291373.40625,275308.78125,260457.828125,237859.59375,273285.40625
1771506933.876205,Concentrated,261796.078125,260538.46875,319583.03125,291362.34375,275298.65625,260449.15625,237853.953125,273278.78125
1771506933.876205,Concentrated,261788.734375,260530.515625,319572.5625,291353.5625,275291.4375,260443.875,237848.765625,273275.40625
1771506933.876205,Concentrated,261792.859375,260529.53125,319570.3125,291351.34375,275292.0625,260445.484375,237848.328125,273277.09375
1771506933.876205,Concentrated,261801.4375,260533.109375,319572.375,291355.375,275297.6875,260451.125,237851.890625,273288.0
1771506933.876205,Concentrated,261802.78125,260532.921875,319572.46875,291356.4375,275300.375,260453.53125,237854.40625,273296.5
1771506933.876205,Concentrated,261801.34375,260534.265625,319576.125,291358.5,275303.59375,260457.828125,237860.84375,273302.46875
1771506933.8993933,Concentrated,261804.75,260539.359375,319579.53125,291362.34375,275309.84375,260464.0,237867.984375,273309.28125
1771506933.8993933,Concentrated,261806.359375,260542.140625,319580.4375,291362.875,275314.84375,260468.828125,237870.21875,273315.71875
1771506933.8993933,Concentrated,261802.953125,260539.359375,319575.0625,291356.34375,275314.9375,260466.765625,237868.265625,273319.28125
1771506933.8993933,Concentrated,261800.0,260537.84375,319572.03125,291367.875,275313.78125,260463.109375,237869.875,273314.8125
1771506933.8993933,Concentrated,261793.296875,260532.125,319565.9375,291360.28125,275307.96875,260454.703125,237868.53125,273300.4375
1771506933.9211855,Concentrated,261788.03125,260527.125,319559.78125,291351.4375,275302.78125,260447.546875,237863.78125,273285.0625
1771506933.9211855,Concentrated,261784.8125,260524.25,319559.15625,291338.71875,275303.59375,260449.0625,237858.6875,273278.15625
1771506933.9211855,Concentrated,261788.46875,260528.015625,319560.9375,291343.75,275309.40625,260453.359375,237860.484375,273279.6875
1771506933.9211855,Concentrated,261793.5625,260534.890625,319563.71875,291353.03125,275314.40625,260456.046875,237865.578125,273282.1875
1771506933.9211855,Concentrated,261796.078125,260540.34375,319571.75,291350.625,275318.0625,260460.328125,237870.3125,273282.09375
1771506933.9211855,Concentrated,261806.890625,260552.0625,319575.96875,291362.78125,275325.3125,260467.390625,237877.203125,273281.75
1771506933.9211855,Concentrated,261810.375,260555.453125,319573.0,291360.1875,275327.46875,260470.515625,237875.859375,273280.75
1771506933.9211855,Concentrated,261813.859375,260557.78125,319574.34375,291368.78125,275329.4375,260473.296875,237875.859375,273285.59375
1771506933.943704,Concentrated,261814.75,260558.953125,319573.375,291364.65625,275328.8125,260474.71875,237875.953125,273289.34375
1771506933.943704,Concentrated,261813.0625,260558.859375,319571.65625,291356.34375,275325.3125,260473.109375,237874.078125,273288.34375
1771506933.943704,Concentrated,261810.28125,260555.28125,319566.40625,291359.03125,275320.21875,260468.734375,237870.765625,273283.4375
1771506933.943704,Concentrated,261808.140625,260550.8125,319563.625,291368.3125,275315.21875,260464.4375,237866.46875,273283.0
1771506933.943704,Concentrated,261804.296875,260543.65625,319554.3125,291347.3125,275310.75,260460.0625,237860.21875,273287.625
1771506933.9662852,Concentrated,261797.859375,260536.328125,319548.15625,291331.65625,275305.8125,260456.390625,237855.5625,273287.71875
1771506933.9662852,Concentrated,261794.375,260533.375,319544.75,291332.5625,275305.375,260453.984375,237859.859375,273290.15625
1771506933.9662852,Concentrated,261792.046875,260533.109375,319543.9375,291334.53125,275306.28125,260454.78125,237860.921875,273293.0
1771506933.9662852,Concentrated,261786.765625,260529.359375,319540.375,291329.4375,275303.6875,260454.25,237857.265625,273291.9375
1771506933.9662852,Concentrated,261792.671875,260534.890625,319544.65625,291336.5,275311.46875,260461.765625,237862.8125,273299.0
1771506933.9662852,Concentrated,261789.71875,260533.375,319543.78125,291326.75,275309.5,260460.515625,237859.9375,273291.46875
1771506933.99557,Concentrated,261785.25,260532.125,319539.46875,291326.03125,275308.0625,260458.453125,237861.640625,273288.4375
1771506933.99557,Concentrated,261780.609375,260527.390625,319531.875,291316.1875,275304.9375,260455.140625,237859.59375,273285.6875
1771506933.99557,Concentrated,261787.671875,260533.015625,319533.5,291325.78125,275307.625,260457.65625,237860.75,273284.34375
1771506933.99557,Concentrated,261791.0625,260537.125,319536.09375,291325.84375,275311.8125,260461.140625,237861.28125,273290.78125
1771506934.0225892,Concentrated,261792.046875,260538.5625,319537.34375,291328.1875,275311.1875,260459.171875,237861.015625,273291.21875
1771506934.0225892,Concentrated,261795.796875,260541.15625,319539.75,291334.25,275309.84375,260456.9375,237862.8125,273287.09375
1771506934.0225892,Concentrated,261799.734375,260544.546875,319540.65625,291331.9375,275311.46875,260456.75,237866.65625,273283.96875
1771506934.0225892,Concentrated,261805.453125,260549.640625,319543.78125,291333.90625,275315.3125,260460.15625,237869.328125,273284.59375
1771506934.0225892,Concentrated,261809.484375,260553.765625,319545.90625,291342.5,275319.3125,260464.0,237870.9375,273283.78125
1771506934.0225892,Concentrated,261812.171875,260558.765625,319550.9375,291347.3125,275324.15625,260468.828125,237874.34375,273285.5
1771506934.0225892,Concentrated,261813.5,260561.359375,319555.21875,291337.84375,275323.875,260470.171875,237873.890625,273281.03125
1771506934.0225892,Concentrated,261816.71875,260564.484375,319556.125,291339.09375,275324.0625,260470.875,237874.703125,273278.78125
1771506934.0225892,Concentrated,261819.9375,260568.875,319552.90625,291348.21875,275329.34375,260475.984375,237878.71875,273282.71875
1771506934.0556893,Concentrated,261816.28125,260566.8125,319550.5625,291337.65625,275330.84375,260477.9375,237876.578125,273287.5625
1771506934.0556893,Concentrated,261816.640625,260565.46875,319549.125,291335.34375,275329.59375,260477.9375,237876.125,273291.5625
1771506934.0556893,Concentrated,261814.40625,260561.265625,319549.0625,291330.78125,275324.6875,260473.65625,237875.953125,273288.4375
1771506934.0556893,Concentrated,261814.046875,260559.21875,319547.78125,291329.625,275320.21875,260469.625,237873.890625,273282.8125
1771506934.0556893,Concentrated,261813.859375,260557.78125,319537.5,291339.4375,275318.59375,260466.765625,237873.09375,273285.75
1771506934.0556893,Concentrated,261807.78125,260550.28125,319530.53125,291318.625,275315.75,260463.8125,237867.8125,273288.96875
1771506934.0556893,Concentrated,261806.078125,260549.921875,319532.34375,291319.15625,275316.375,260463.375,237869.15625,273287.46875
1771506934.07947,Concentrated,261803.40625,260549.296875,319529.03125,291326.46875,275318.6875,260463.90625,237874.25,273288.625
1771506934.07947,Concentrated,261790.703125,260535.796875,319514.53125,291302.96875,275309.03125,260455.0625,237862.71875,273281.90625
1771506934.07947,Concentrated,261788.828125,260536.6875,319510.25,291305.03125,275312.0,260455.5,237862.453125,273284.6875
1771506934.07947,Concentrated,261798.65625,260547.6875,319515.4375,291322.46875,275322.625,260464.359375,237871.203125,273296.9375
1771506934.07947,Concentrated,261802.234375,260551.96875,319522.75,291324.4375,275326.21875,260468.375,237874.34375,273300.875
1771506934.07947,Concentrated,261795.890625,260547.0625,319513.5625,291307.4375,275321.125,260464.078125,237869.515625,273297.5625
1771506934.07947,Concentrated,261798.578125,260549.734375,319514.28125,291312.1875,275320.125,260463.640625,237870.40625,273292.5625
1771506934.0958936,Concentrated,261798.3125,260549.828125,319516.3125,291308.78125,275318.6875,260464.265625,237867.984375,273288.1875
1771506934.0958936,Concentrated,261799.203125,260549.921875,319518.8125,291314.0625,275319.6875,260465.609375,237867.359375,273288.8125
1771506934.0958936,Concentrated,261799.640625,260547.40625,319514.53125,291312.90625,275319.3125,260465.15625,237869.0625,273287.0
1771506934.1118808,Concentrated,261797.234375,260548.125,319514.96875,291314.40625,275321.03125,260465.25,237872.640625,273286.03125
1771506934.1118808,Concentrated,261790.34375,260545.0,319512.21875,291302.15625,275317.34375,260462.828125,237869.15625,273286.65625
1771506934.1118808,Concentrated,261790.890625,260545.984375,319509.1875,291301.90625,275316.71875,260461.21875,237868.53125,273289.4375
1771506934.1118808,Concentrated,261799.203125,260551.171875,319511.9375,291310.21875,275322.28125,260465.15625,237872.546875,273293.4375
1771506934.1419666,Concentrated,261796.96875,260548.75,319506.21875,291306.0,275319.78125,260462.203125,237869.78125,273293.90625
1771506934.1419666,Concentrated,261794.28125,260546.34375,319503.0,291297.0625,275315.375,260458.0,237867.984375,273290.0625
1771506934.1419666,Concentrated,261790.265625,260543.84375,319500.40625,291298.0625,275313.15625,260454.25,237869.6875,273290.84375
1771506934.1419666,Concentrated,261786.328125,260537.671875,319487.34375,291294.46875,275307.4375,260446.921875,237862.8125,273279.25
1771506934.1419666,Concentrated,261794.1875,260543.84375,319488.875,291312.90625,275314.9375,260452.46875,237866.03125,273281.5625
1771506934.1419666,Concentrated,261785.875,260538.46875,319487.4375,291287.78125,275313.0625,260452.1875,237861.734375,273284.59375
1771506934.1419666,Concentrated,261784.8125,260541.875,319491.75,291284.1875,275312.8125,260454.703125,237862.890625,273281.75
1771506934.1576467,Concentrated,261789.015625,260546.875,319491.28125,291290.4375,275312.96875,260456.484375,237864.5,273279.25
1771506934.1576467,Concentrated,261794.46875,260550.09375,319488.96875,291297.0625,275315.46875,260457.296875,237866.375,273282.375
1771506934.1576467,Concentrated,261793.828125,260548.84375,319487.09375,291290.53125,275316.375,260457.46875,237863.515625,273284.25
1771506934.1576467,Concentrated,261798.125,260550.625,319488.78125,291291.625,275317.34375,260458.1875,237863.703125,273288.90625
1771506934.181193,Concentrated,261802.0625,260553.5,319493.78125,291298.5,275317.96875,260460.0625,237867.1875,273287.1875
1771506934.181193,Concentrated,261798.484375,260549.828125,319490.5,291287.21875,275315.21875,260459.171875,237866.65625,273287.0
1771506934.181193,Concentrated,261795.625,260545.890625,319485.03125,291291.0,275313.59375,260458.453125,237866.03125,273288.09375
1771506934.181193,Concentrated,261789.8125,260540.96875,319480.46875,291276.3125,275312.625,260458.28125,237861.46875,273288.1875
1771506934.181193,Concentrated,261786.234375,260541.328125,319479.84375,291278.375,275312.96875,260458.546875,237861.46875,273286.9375
1771506934.181193,Concentrated,261784.453125,260541.421875,319476.90625,291280.71875,275313.25,260457.5625,237866.03125,273284.40625
1771506934.181193,Concentrated,261780.15625,260537.046875,319474.84375,291267.125,275311.1875,260454.609375,237865.046875,273285.3125
1771506934.181193,Concentrated,261784.53125,260539.09375,319471.625,291272.84375,275314.84375,260454.515625,237867.0,273287.46875
1771506934.2020009,Concentrated,261789.71875,260540.96875,319469.46875,291277.9375,275318.0625,260456.390625,237869.6875,273292.65625
1771506934.2020009,Concentrated,261790.890625,260538.46875,319468.75,291278.46875,275314.40625,260455.0625,237867.359375,273290.59375
1771506934.2020009,Concentrated,261790.265625,260539.359375,319471.4375,291283.9375,275312.4375,260454.875,237867.546875,273288.625
1771506934.2288158,Concentrated,261786.5,260535.875,319474.9375,291268.0,275307.96875,260452.640625,237863.609375,273282.71875
1771506934.2288158,Concentrated,261787.75,260535.609375,319469.5625,291271.0625,275307.6875,260453.09375,237862.71875,273280.75
1771506934.2288158,Concentrated,261787.578125,260535.796875,319470.0,291270.25,275307.625,260454.078125,237858.25,273279.15625
1771506934.2288158,Concentrated,261788.203125,260536.59375,319466.875,291262.75,275309.3125,260452.734375,237858.328125,273282.28125
1771506934.2288158,Concentrated,261791.0625,260540.796875,319469.5625,291265.40625,275312.15625,260455.328125,237863.15625,273282.8125
1771506934.2288158,Concentrated,261790.703125,260540.703125,319468.3125,291263.0,275311.09375,260455.5,237863.078125,273283.09375
1771506934.2288158,Concentrated,261788.828125,260536.953125,319461.34375,291259.15625,275308.9375,260453.171875,237858.328125,273284.875
1771506934.2288158,Concentrated,261791.421875,260535.875,319462.15625,291260.6875,275309.5,260454.4375,237855.46875,273284.34375
1771506934.2288158,Concentrated,261797.140625,260538.65625,319465.28125,291264.15625,275310.5625,260456.046875,237855.109375,273285.6875
1771506934.2475548,Concentrated,261795.796875,260538.296875,319464.125,291255.40625,275306.8125,260454.515625,237853.234375,273281.46875
1771506934.2475548,Concentrated,261793.828125,260538.65625,319463.40625,291244.59375,275304.5625,260454.25,237851.0,273278.875
1771506934.2475548,Concentrated,261797.765625,260542.3125,319462.21875,291249.15625,275305.8125,260455.140625,237850.828125,273282.375
1771506934.2475548,Concentrated,261805.8125,260547.953125,319467.15625,291261.21875,275307.6875,260455.140625,237852.703125,273281.84375
1771506934.2475548,Concentrated,261804.03125,260545.71875,319457.0625,291264.34375,275302.96875,260447.359375,237852.171875,273277.90625
1771506934.2713065,Concentrated,261800.359375,260541.609375,319449.53125,291268.0,275296.96875,260440.484375,237852.796875,273273.4375
1771506934.2713065,Concentrated,261796.875,260535.609375,319451.78125,291244.6875,275290.90625,260436.90625,237848.5,273271.28125
1771506934.2713065,Concentrated,261797.140625,260533.828125,319449.28125,291248.0625,275291.34375,260437.53125,237849.03125,273272.71875
1771506934.2713065,Concentrated,261801.796875,260536.78125,319449.71875,291258.71875,275297.0625,260441.5625,237853.953125,273276.375
1771506934.2713065,Concentrated,261799.734375,260536.6875,319450.53125,291257.28125,275300.90625,260443.078125,237857.4375,273278.34375
1771506934.2713065,Concentrated,261796.703125,260536.6875,319451.78125,291255.21875,275305.03125,260446.390625,237862.265625,273279.40625
1771506934.2956243,Concentrated,261800.1875,260545.453125,319459.0,291258.8125,275314.75,260456.9375,237872.375,273280.84375
1771506934.2956243,Concentrated,261799.296875,260547.0625,319457.40625,291260.0625,275318.6875,260459.890625,237874.078125,273282.1875
1771506934.2956243,Concentrated,261803.40625,260549.015625,319458.5625,291260.21875,275324.6875,260464.078125,237874.78125,273286.65625
1771506934.2956243,Concentrated,261801.796875,260548.3125,319456.4375,291259.59375,275327.5625,260466.328125,237876.484375,273290.15625
1771506934.2956243,Concentrated,261795.265625,260545.71875,319451.875,291257.71875,275326.375,260463.453125,237878.546875,273288.8125
1771506934.3355649,Concentrated,261794.8125,260544.375,319449.71875,291249.78125,275324.25,260462.390625,237877.296875,273283.4375
1771506934.3355649,Concentrated,261796.875,260545.984375,319450.0625,291251.1875,275324.40625,260463.734375,237875.234375,273281.84375
1771506934.3355649,Concentrated,261798.484375,260548.125,319452.5625,291250.40625,275324.0625,260464.078125,237872.734375,273280.03125
1771506934.3355649,Concentrated,261798.9375,260547.234375,319444.8125,291246.71875,275321.28125,260461.578125,237869.953125,273278.78125
1771506934.3599753,Concentrated,261798.65625,260547.234375,319442.90625,291244.125,275316.71875,260458.546875,237868.796875,273274.59375
1771506934.3599753,Concentrated,261795.71875,260545.09375,319438.90625,291250.5625,275312.09375,260453.0,237868.4375,273272.09375
1771506934.3599753,Concentrated,261795.53125,260544.640625,319434.25,291253.875,275312.25,260451.21875,237870.5,273274.125
1771506934.3599753,Concentrated,261791.25,260538.109375,319427.09375,291237.6875,275307.78125,260447.640625,237862.09375,273274.40625
1771506934.3599753,Concentrated,261787.84375,260535.171875,319426.84375,291227.78125,275306.53125,260447.09375,237858.25,273277.28125
1771506934.3599753,Concentrated,261791.515625,260537.84375,319429.25,291235.5625,275306.71875,260448.0,237861.734375,273277.4375
1771506934.3599753,Concentrated,261790.53125,260536.0625,319424.875,291232.78125,275303.15625,260443.96875,237860.84375,273272.4375
1771506934.3599753,Concentrated,261789.015625,260533.28125,319420.65625,291223.03125,275301.875,260442.1875,237857.0,273274.0625
1771506934.3599753,Concentrated,261790.34375,260532.296875,319417.875,291218.46875,275301.4375,260443.703125,237853.5,273280.9375
1771506934.3599753,Concentrated,261797.328125,260536.5,319419.21875,291222.0625,275302.25,260446.390625,237854.40625,273281.28125
1771506934.3887541,Concentrated,261795.53125,260532.484375,319417.0,291214.625,275294.28125,260439.046875,237848.765625,273275.40625
1771506934.3887541,Concentrated,261790.078125,260527.828125,319411.1875,291211.25,275285.34375,260432.96875,237841.4375,273270.03125
1771506934.3887541,Concentrated,261789.984375,260525.859375,319406.8125,291212.5,275278.71875,260428.328125,237836.15625,273266.71875
1771506934.3887541,Concentrated,261797.40625,260527.296875,319410.8125,291212.21875,275274.875,260427.78125,237830.796875,273262.15625
1771506934.3887541,Concentrated,261794.640625,260520.59375,319406.8125,291204.25,275267.375,260421.34375,237825.96875,273260.0
1771506934.3887541,Concentrated,261798.390625,260524.796875,319411.28125,291215.0,275268.28125,260424.203125,237831.25,273261.4375
1771506934.3887541,Concentrated,261799.46875,260529.796875,319417.25,291229.28125,275273.0,260428.0625,237837.953125,273262.25
1771506934.3887541,Concentrated,261795.4375,260528.734375,319415.75,291213.65625,275277.21875,260431.90625,237838.84375,273260.1875
1771506934.3887541,Concentrated,261792.859375,260527.296875,319412.0625,291203.71875,275285.15625,260439.765625,237840.546875,273264.9375
1771506934.4181325,Concentrated,261790.4375,260530.0625,319412.15625,291210.25,275295.0,260446.203125,237848.953125,273270.03125
1771506934.4181325,Concentrated,261791.59375,260536.5,319417.0,291217.84375,275305.71875,260453.796875,237862.0,273274.84375
1771506934.4181325,Concentrated,261792.046875,260539.28125,319415.28125,291222.0625,275312.09375,260457.203125,237870.21875,273278.625
1771506934.4181325,Concentrated,261791.0625,260539.8125,319420.3125,291215.875,275316.09375,260460.421875,237870.578125,273277.90625
1771506934.4181325,Concentrated,261790.265625,260540.078125,319413.3125,291219.09375,275322.8125,260465.25,237872.109375,273285.3125
1771506934.4181325,Concentrated,261794.90625,260541.78125,319407.15625,291230.5625,275324.6875,260465.515625,237873.796875,273281.28125
1771506934.4181325,Concentrated,261800.0,260547.6875,319415.65625,291235.28125,275328.0,260469.265625,237880.78125,273280.84375
1771506934.4400923,Concentrated,261794.28125,260543.484375,319413.5,291213.84375,275323.09375,260465.15625,237875.40625,273277.625
1771506934.4400923,Concentrated,261793.390625,260543.21875,319410.03125,291208.90625,275323.96875,260463.8125,237871.75,273279.0625
1771506934.4400923,Concentrated,261798.9375,260548.75,319410.90625,291220.28125,275329.53125,260467.84375,237875.5,273283.53125
1771506934.4400923,Concentrated,261801.875,260551.96875,319410.09375,291229.28125,275332.28125,260467.578125,237880.421875,273288.34375
1771506934.4400923,Concentrated,261793.125,260544.640625,319398.9375,291210.0,275321.5625,260456.9375,237873.0,273279.59375
1771506934.4400923,Concentrated,261787.75,260540.53125,319392.9375,291202.46875,275314.84375,260452.375,237869.0625,273274.40625
1771506934.4400923,Concentrated,261789.1875,260541.875,319395.1875,291202.84375,275316.65625,260456.390625,237869.6875,273280.21875
1771506934.4625878,Concentrated,261794.546875,260544.46875,319392.3125,291208.65625,275318.96875,260460.0625,237868.609375,273285.21875
1771506934.4625878,Concentrated,261801.703125,260548.75,319399.1875,291218.21875,275321.125,260463.453125,237868.796875,273286.65625
1771506934.4625878,Concentrated,261796.703125,260542.5,319396.59375,291203.71875,275314.40625,260457.734375,237866.296875,273285.6875
1771506934.4995115,Concentrated,261787.578125,260532.03125,319383.90625,291192.28125,275303.0625,260448.4375,237856.453125,273274.59375
1771506934.5331335,Concentrated,261782.75,260526.671875,319379.09375,291190.0625,275298.21875,260443.34375,237850.375,273271.09375
1771506934.5331335,Concentrated,261781.140625,260522.109375,319372.46875,291183.875,275295.1875,260437.890625,237846.625,273273.78125
1771506934.5331335,Concentrated,261780.875,260519.78125,319366.5625,291179.125,275291.53125,260432.078125,237843.5,273269.65625
1771506934.5331335,Concentrated,261779.984375,260519.96875,319365.40625,291180.65625,275286.4375,260427.875,237843.9375,273266.09375
1771506934.5331335,Concentrated,261782.296875,260522.734375,319373.4375,291182.71875,275281.78125,260426.09375,237841.96875,273262.15625
1771506934.5331335,Concentrated,261786.859375,260524.53125,319371.40625,291178.4375,275278.71875,260425.28125,237838.484375,273261.34375
1771506934.5331335,Concentrated,261794.734375,260529.890625,319376.03125,291193.09375,275282.21875,260429.21875,237841.171875,273266.0
1771506934.5331335,Concentrated,261790.796875,260522.5625,319372.375,291178.34375,275275.6875,260424.75,237835.265625,273259.125
1771506934.5331335,Concentrated,261791.875,260522.640625,319372.8125,291175.125,275274.25,260425.90625,237835.625,273255.09375
1771506934.5331335,Concentrated,261788.46875,260523.71875,319370.40625,291179.84375,275276.3125,260427.25,237839.375,273253.9375
1771506934.5331335,Concentrated,261790.171875,260527.203125,319374.34375,291181.65625,275282.75,260433.515625,237842.59375,273254.5625
1771506934.5331335,Concentrated,261793.828125,260532.65625,319379.25,291188.625,275292.78125,260444.140625,237846.71875,273261.8125
1771506934.5331335,Concentrated,261795.53125,260536.6875,319385.625,291192.625,275301.4375,260452.109375,237851.09375,273267.0
1771506934.5331335,Concentrated,261793.296875,260537.578125,319387.9375,291186.28125,275305.03125,260454.96875,237854.9375,273267.78125
1771506934.5331335,Concentrated,261789.015625,260536.0625,319380.78125,291179.40625,275306.0,260453.796875,237856.71875,273265.375
1771506934.5331335,Concentrated,261790.890625,260540.625,319379.0,291179.9375,275313.25,260459.53125,237861.109375,273271.375
1771506934.5331335,Concentrated,261793.75,260545.0,319375.6875,291184.40625,275319.6875,260464.984375,237864.5,273277.0
1771506934.5569005,Concentrated,261790.625,260543.390625,319374.625,291178.875,275318.34375,260461.9375,237864.421875,273276.28125
1771506934.5569005,Concentrated,261783.640625,260536.59375,319366.03125,291172.0625,275313.5,260453.890625,237863.515625,273272.09375
1771506934.5569005,Concentrated,261775.6875,260530.78125,319357.28125,291166.1875,275311.1875,260449.6875,237862.09375,273271.0
1771506934.5569005,Concentrated,261768.171875,260525.15625,319347.6875,291164.3125,275309.21875,260447.09375,237858.25,273272.96875
1771506934.5569005,Concentrated,261770.765625,260524.875,319344.84375,291176.46875,275309.84375,260446.921875,237858.15625,273275.40625
1771506934.5569005,Concentrated,261769.96875,260519.875,319340.625,291151.25,275304.21875,260442.890625,237851.09375,273274.5
1771506934.5793529,Concentrated,261774.796875,260524.171875,319345.28125,291155.34375,275302.25,260443.875,237851.890625,273271.8125
1771506934.5793529,Concentrated,261776.84375,260526.9375,319349.65625,291155.28125,275301.0,260445.046875,237851.265625,273270.125
1771506934.5793529,Concentrated,261776.84375,260526.140625,319347.6875,291157.9375,275300.46875,260443.171875,237850.375,273272.09375
1771506934.5793529,Concentrated,261778.09375,260524.796875,319344.125,291157.40625,275298.5,260439.859375,237847.421875,273264.40625
1771506934.5793529,Concentrated,261776.765625,260524.875,319339.9375,291155.4375,275296.34375,260439.234375,237844.203125,273257.78125
1771506934.5793529,Concentrated,261776.671875,260525.953125,319343.0625,291158.03125,275292.40625,260436.09375,237843.84375,273256.0
1771506934.5793529,Concentrated,261774.796875,260521.75,319336.875,291148.46875,275284.8125,260430.109375,237839.921875,273252.875
1771506934.5793529,Concentrated,261779.703125,260523.984375,319334.1875,291157.0625,275287.6875,260431.90625,237842.59375,273259.125
1771506934.59994,Concentrated,261784.71875,260526.046875,319337.40625,291158.9375,275291.96875,260436.546875,237845.546875,273263.9375
1771506934.59994,Concentrated,261791.0625,260531.046875,319344.5,291163.3125,275298.21875,260444.234375,237852.796875,273273.6875
1771506934.59994,Concentrated,261793.390625,260532.921875,319346.28125,291163.9375,275298.5,260443.875,237857.359375,273279.3125
1771506934.59994,Concentrated,261800.359375,260541.25,319355.40625,291172.6875,275302.59375,260448.0,237864.6875,273283.875
1771506934.59994,Concentrated,261800.71875,260544.546875,319357.53125,291176.71875,275305.46875,260451.75,237866.03125,273288.90625
1771506934.6207004,Concentrated,261800.1875,260543.125,319358.0,291168.6875,275305.375,260451.5625,237862.71875,273293.4375
1771506934.6207004,Concentrated,261799.109375,260542.765625,319352.25,291173.15625,275305.09375,260446.46875,237861.828125,273287.8125
1771506934.6207004,Concentrated,261786.59375,260531.59375,319337.59375,291152.75,275294.75,260435.46875,237851.359375,273275.46875
1771506934.6563003,Concentrated,261778.09375,260524.96875,319325.4375,291141.21875,275287.59375,260429.484375,237847.0625,273262.96875
1771506934.6563003,Concentrated,261776.40625,260525.59375,319323.375,291146.40625,275288.03125,260430.734375,237847.96875,273261.625
1771506934.6563003,Concentrated,261777.03125,260524.875,319321.3125,291145.875,275288.9375,260430.375,237846.171875,273259.84375
1771506934.6563003,Concentrated,261782.578125,260526.84375,319321.875,291150.96875,275291.96875,260432.171875,237847.515625,273261.8125
1771506934.6563003,Concentrated,261780.78125,260525.421875,319319.09375,291151.25,275292.0625,260429.84375,237847.96875,273259.03125
1771506934.6563003,Concentrated,261779.984375,260525.515625,319317.125,291136.65625,275293.40625,260431.71875,237848.59375,273257.34375
1771506934.6563003,Concentrated,261784.0,260527.75,319315.78125,291139.09375,275295.28125,260434.40625,237848.328125,273258.84375
1771506934.6563003,Concentrated,261790.171875,260531.3125,319314.8125,291147.21875,275298.5,260436.1875,237850.109375,273263.6875
1771506934.6563003,Concentrated,261788.65625,260530.515625,319313.375,291142.40625,275298.21875,260436.90625,237848.859375,273267.875
1771506934.6563003,Concentrated,261783.546875,260526.21875,319308.1875,291135.40625,275292.3125,260431.625,237845.734375,273263.15625
1771506934.680621,Concentrated,261784.265625,260526.21875,319308.625,291134.875,275288.84375,260433.234375,237844.5625,273260.46875
1771506934.680621,Concentrated,261786.59375,260528.734375,319310.59375,291139.71875,275291.4375,260438.25,237847.34375,273266.0
1771506934.680621,Concentrated,261777.65625,260519.875,319300.3125,291126.375,275283.84375,260431.625,237836.703125,273263.3125
1771506934.680621,Concentrated,261778.546875,260520.140625,319301.46875,291129.59375,275283.28125,260432.4375,237835.890625,273265.5625
1771506934.680621,Concentrated,261775.859375,260518.0,319301.9375,291116.65625,275280.53125,260430.296875,237834.109375,273264.46875
1771506934.680621,Concentrated,261775.0625,260518.359375,319300.5,291121.5625,275278.1875,260428.140625,237834.375,273259.375
1771506934.703754,Concentrated,261774.609375,260516.390625,319299.0625,291116.65625,275278.5625,260427.25,237834.109375,273258.3125
1771506934.703754,Concentrated,261776.40625,260518.796875,319300.0625,291119.78125,275285.71875,260431.90625,237838.125,273266.28125
1771506934.703754,Concentrated,261778.375,260521.484375,319293.6875,291130.40625,275290.4375,260434.40625,237844.203125,273268.5
1771506934.703754,Concentrated,261774.875,260519.78125,319295.03125,291124.4375,275287.9375,260432.171875,237842.15625,273264.5625
1771506934.703754,Concentrated,261769.15625,260519.609375,319287.8125,291123.96875,275286.34375,260428.0625,237843.5,273260.09375
1771506934.703754,Concentrated,261767.90625,260521.125,319289.21875,291116.65625,275287.59375,260427.703125,237845.109375,273259.46875
1771506934.703754,Concentrated,261774.25,260526.84375,319295.03125,291123.96875,275294.46875,260432.609375,237850.5625,273265.09375
1771506934.703754,Concentrated,261777.65625,260528.375,319300.59375,291121.46875,275295.8125,260433.328125,237850.921875,273263.5
1771506934.7263148,Concentrated,261779.984375,260529.625,319298.25,291125.40625,275296.4375,260433.421875,237853.953125,273265.1875
1771506934.7263148,Concentrated,261781.140625,260531.140625,319300.125,291128.53125,275297.78125,260434.484375,237856.015625,273261.1875
1771506934.7263148,Concentrated,261781.5,260530.875,319295.9375,291127.375,275298.03125,260434.84375,237855.03125,273260.625
1771506934.7263148,Concentrated,261788.65625,260534.53125,319298.15625,291129.53125,275301.1875,260439.5,237854.765625,273262.6875
1771506934.7500193,Concentrated,261788.46875,260535.796875,319299.6875,291133.8125,275300.46875,260441.640625,237853.78125,273260.375
1771506934.7500193,Concentrated,261782.84375,260530.78125,319299.25,291110.21875,275296.09375,260440.125,237847.25,273257.40625
1771506934.7500193,Concentrated,261783.546875,260534.53125,319303.53125,291116.71875,275298.3125,260443.796875,237849.9375,273258.9375
1771506934.7500193,Concentrated,261784.453125,260537.84375,319303.28125,291120.65625,275302.25,260448.265625,237853.0625,273264.3125
1771506934.7793481,Concentrated,261791.59375,260543.84375,319307.375,291128.1875,275310.5625,260455.234375,237857.984375,273268.3125
1771506934.7793481,Concentrated,261790.890625,260542.578125,319305.0625,291126.21875,275311.71875,260456.390625,237858.15625,273269.84375
1771506934.7793481,Concentrated,261788.03125,260541.609375,319303.71875,291119.78125,275312.875,260458.71875,237860.390625,273273.6875
1771506934.7793481,Concentrated,261789.546875,260544.109375,319309.0,291121.375,275316.5625,260462.03125,237864.59375,273277.0
1771506934.7793481,Concentrated,261787.21875,260542.3125,319307.03125,291119.78125,275318.25,260461.84375,237866.46875,273278.53125
1771506934.7793481,Concentrated,261777.46875,260532.484375,319288.96875,291108.59375,275311.71875,260452.734375,237858.15625,273277.96875
1771506934.7793481,Concentrated,261774.4375,260527.921875,319282.96875,291102.6875,275305.90625,260446.203125,237852.609375,273275.46875
1771506934.7793481,Concentrated,261771.84375,260527.296875,319278.0625,291101.8125,275302.34375,260442.8125,237850.921875,273273.15625
1771506934.7793481,Concentrated,261772.734375,260530.78125,319277.15625,291108.5,275301.875,260441.734375,237852.875,273272.625
1771506934.8087995,Concentrated,261777.828125,260536.421875,319280.1875,291118.875,275302.0625,260442.8125,237853.6875,273273.25
1771506934.8087995,Concentrated,261779.796875,260535.171875,319276.4375,291099.65625,275297.15625,260437.703125,237844.296875,273269.3125
1771506934.8087995,Concentrated,261781.9375,260534.71875,319274.3125,291097.6875,275294.5625,260433.0625,237840.90625,273266.90625
1771506934.8087995,Concentrated,261784.453125,260536.234375,319275.5625,291101.0,275290.8125,260430.109375,237841.4375,273261.1875
1771506934.8087995,Concentrated,261789.640625,260541.15625,319282.25,291104.40625,275292.9375,260434.765625,237845.015625,273261.25
1771506934.8087995,Concentrated,261792.859375,260545.71875,319287.71875,291108.15625,275299.5625,260443.609375,237850.375,273266.71875
1771506934.8087995,Concentrated,261790.890625,260543.21875,319282.4375,291108.15625,275300.71875,260443.34375,237850.203125,273268.0625
1771506934.8318045,Concentrated,261791.953125,260544.828125,319286.28125,291119.3125,275306.90625,260446.65625,237857.265625,273270.125
1771506934.8318045,Concentrated,261787.84375,260543.484375,319288.25,291113.0625,275309.9375,260449.421875,237861.828125,273273.5
1771506934.8318045,Concentrated,261782.578125,260540.4375,319285.125,291106.1875,275308.5,260448.625,237862.171875,273269.3125
1771506934.8318045,Concentrated,261778.015625,260537.21875,319279.125,291100.46875,275309.5,260448.703125,237862.71875,273271.1875
1771506934.8318045,Concentrated,261779.078125,260538.5625,319280.28125,291104.5,275311.625,260451.84375,237862.171875,273274.125
1771506934.8625305,Concentrated,261781.9375,260540.265625,319279.5625,291110.84375,275314.125,260453.796875,237865.390625,273278.4375
1771506934.8625305,Concentrated,261780.15625,260539.640625,319276.625,291112.53125,275313.0625,260452.28125,237867.0,273274.9375
1771506934.8625305,Concentrated,261779.984375,260540.0,319276.71875,291113.4375,275310.5625,260450.671875,237866.921875,273270.28125
1771506934.8625305,Concentrated,261779.703125,260540.53125,319278.0625,291107.0,275313.25,260453.09375,237868.171875,273274.0625
1771506934.8625305,Concentrated,261775.5,260535.875,319268.21875,291096.25,275314.75,260453.359375,237863.78125,273277.71875
1771506934.8625305,Concentrated,261780.875,260541.421875,319271.875,291106.53125,275318.15625,260457.65625,237867.28125,273277.625
1771506934.8625305,Concentrated,261778.640625,260540.171875,319269.125,291097.25,275313.4375,260454.25,237864.6875,273269.75
1771506934.8625305,Concentrated,261777.203125,260538.109375,319267.25,291094.28125,275310.375,260452.015625,237863.15625,273269.3125
1771506934.8625305,Concentrated,261773.71875,260533.375,319260.1875,291091.53125,275307.875,260448.96875,237860.21875,273270.46875
1771506934.8857017,Concentrated,261769.25,260529.796875,319250.6875,291091.875,275305.375,260444.234375,237856.453125,273269.59375
1771506934.8857017,Concentrated,261769.703125,260528.375,319252.9375,291079.71875,275305.375,260444.59375,237854.484375,273271.90625
1771506934.8857017,Concentrated,261775.328125,260533.203125,319262.78125,291083.125,275307.625,260447.90625,237858.6875,273270.125
1771506934.8857017,Concentrated,261775.953125,260534.0,319259.71875,291087.75,275305.65625,260447.640625,237860.390625,273265.1875
1771506934.8857017,Concentrated,261775.0625,260530.6875,319254.09375,291085.625,275301.8125,260443.171875,237855.828125,273266.0
1771506934.911812,Concentrated,261774.796875,260526.578125,319248.71875,291081.25,275297.5,260435.921875,237850.640625,273265.28125
1771506934.911812,Concentrated,261776.140625,260524.53125,319241.84375,291080.625,275292.59375,260429.9375,237845.90625,273259.46875
1771506934.911812,Concentrated,261776.21875,260525.59375,319240.3125,291079.625,275289.8125,260428.59375,237845.546875,273259.75
1771506934.911812,Concentrated,261773.8125,260526.21875,319239.53125,291077.84375,275285.71875,260424.484375,237844.484375,273259.46875
1771506934.911812,Concentrated,261778.640625,260532.125,319242.46875,291086.0625,275286.78125,260426.09375,237845.734375,273259.46875
1771506934.911812,Concentrated,261777.03125,260529.984375,319239.0625,291073.90625,275285.4375,260425.46875,237842.0625,273254.90625
1771506934.911812,Concentrated,261776.84375,260530.78125,319244.96875,291068.71875,275287.3125,260429.484375,237841.53125,273259.03125
1771506934.9367688,Concentrated,261779.703125,260534.8125,319243.53125,291082.125,275291.15625,260431.453125,237849.21875,273262.78125
1771506934.9367688,Concentrated,261770.765625,260527.125,319242.84375,291061.125,275285.09375,260427.875,237844.390625,273256.15625
1771506934.9367688,Concentrated,261767.375,260524.4375,319243.1875,291058.09375,275285.96875,260430.375,237843.40625,273253.84375
1771506934.9367688,Concentrated,261775.0625,260529.703125,319247.125,291066.125,275295.375,260440.578125,237848.40625,273261.1875
1771506934.9367688,Concentrated,261779.796875,260533.90625,319247.3125,291071.9375,275303.21875,260446.203125,237853.0625,273266.0
1771506934.9367688,Concentrated,261781.9375,260538.109375,319250.4375,291080.4375,275307.25,260448.4375,237860.484375,273262.15625
1771506934.9367688,Concentrated,261782.125,260541.875,319250.6875,291085.34375,275313.0625,260452.375,237867.546875,273262.15625
1771506934.9895022,Concentrated,261782.390625,260542.3125,319250.875,291071.3125,275317.96875,260457.734375,237865.390625,273266.28125
1771506934.9895022,Concentrated,261783.109375,260540.796875,319247.375,291073.46875,275319.6875,260458.625,237862.71875,273267.625
1771506934.9895022,Concentrated,261785.515625,260541.609375,319249.1875,291075.96875,275321.90625,260461.9375,237862.265625,273267.875
1771506935.0112765,Concentrated,261782.390625,260536.234375,319243.71875,291066.65625,275316.65625,260457.203125,237858.609375,273263.59375
1771506935.0112765,Concentrated,261785.875,260538.03125,319240.3125,291070.15625,275312.34375,260450.9375,237857.703125,273260.71875
1771506935.0112765,Concentrated,261789.09375,260541.15625,319240.9375,291079.90625,275309.75,260447.453125,237855.75,273258.5
1771506935.0112765,Concentrated,261788.03125,260539.359375,319231.46875,291071.6875,275307.625,260444.859375,237852.34375,273261.09375
1771506935.0112765,Concentrated,261788.203125,260537.40625,319228.625,291060.5,275305.65625,260443.703125,237849.3125,273264.125
1771506935.0112765,Concentrated,261781.234375,260533.46875,319227.4375,291053.96875,275297.875,260437.171875,237844.390625,273258.40625
1771506935.0112765,Concentrated,261783.109375,260537.046875,319234.875,291056.28125,275299.21875,260440.75,237847.609375,273259.125
1771506935.0112765,Concentrated,261790.703125,260543.03125,319236.21875,291070.40625,275304.40625,260445.578125,237855.921875,273265.5625
1771506935.0112765,Concentrated,261785.34375,260536.59375,319227.28125,291059.25,275300.1875,260442.53125,237847.703125,273265.09375
1771506935.0112765,Concentrated,261779.796875,260526.484375,319215.8125,291038.15625,275293.5625,260437.171875,237838.9375,273264.21875
1771506935.0112765,Concentrated,261779.4375,260524.171875,319218.96875,291039.03125,275288.84375,260432.171875,237839.921875,273261.71875
1771506935.045577,Concentrated,261781.3125,260523.265625,319221.1875,291040.03125,275286.875,260430.921875,237842.515625,273258.9375
1771506935.045577,Concentrated,261778.1875,260515.671875,319213.15625,291036.09375,275280.78125,260425.8125,237838.390625,273258.03125
1771506935.045577,Concentrated,261779.4375,260515.765625,319211.34375,291041.0,275281.78125,260425.1875,237840.09375,273263.15625
1771506935.045577,Concentrated,261783.90625,260520.859375,319211.0,291053.96875,275284.71875,260426.453125,237845.640625,273263.84375
1771506935.045577,Concentrated,261780.96875,260519.78125,319208.59375,291046.625,275279.71875,260421.796875,237844.125,273254.8125
1771506935.045577,Concentrated,261779.4375,260522.828125,319207.875,291046.90625,275278.65625,260421.34375,237846.71875,273248.46875
1771506935.045577,Concentrated,261776.046875,260524.703125,319207.875,291045.46875,275279.90625,260422.421875,237847.34375,273247.0625
1771506935.045577,Concentrated,261776.21875,260527.5625,319206.71875,291043.0625,275284.625,260426.265625,237847.515625,273254.46875
1771506935.045577,Concentrated,261779.984375,260533.640625,319211.28125,291050.21875,275291.78125,260434.671875,237852.171875,273258.84375
1771506935.045577,Concentrated,261783.015625,260539.015625,319214.9375,291056.125,275297.15625,260440.125,237859.140625,273257.78125
1771506935.045577,Concentrated,261781.3125,260537.40625,319218.6875,291040.65625,275297.875,260442.8125,237859.9375,273258.59375
1771506935.045577,Concentrated,261784.984375,260541.953125,319224.59375,291046.46875,275303.40625,260449.328125,237862.71875,273261.09375
1771506935.0700142,Concentrated,261787.671875,260543.484375,319218.96875,291050.03125,275307.6875,260453.09375,237862.453125,273267.34375
1771506935.0700142,Concentrated,261790.890625,260545.796875,319223.25,291054.0625,275313.25,260459.4375,237863.78125,273273.4375
1771506935.0700142,Concentrated,261788.375,260544.109375,319226.5625,291046.90625,275314.59375,260460.421875,237865.046875,273275.40625
1771506935.0700142,Concentrated,261780.78125,260536.6875,319215.03125,291036.1875,275309.84375,260454.15625,237862.984375,273273.6875
1771506935.0700142,Concentrated,261784.625,260539.90625,319219.6875,291042.78125,275312.71875,260458.71875,237863.609375,273270.65625
1771506935.0700142,Concentrated,261783.28125,260535.875,319214.5,291037.875,275311.09375,260456.484375,237857.984375,273269.84375
1771506935.0700142,Concentrated,261779.0,260531.140625,319206.71875,291033.40625,275306.8125,260449.78125,237852.703125,273271.375
1771506935.093029,Concentrated,261779.265625,260530.25,319207.78125,291023.40625,275301.34375,260445.3125,237847.0625,273264.5625
1771506935.093029,Concentrated,261781.234375,260533.28125,319207.25,291026.34375,275298.75,260441.015625,237848.140625,273259.375
1771506935.093029,Concentrated,261779.890625,260532.65625,319201.34375,291027.25,275295.28125,260436.375,237845.734375,273257.6875
1771506935.093029,Concentrated,261785.078125,260535.96875,319199.8125,291041.0,275297.34375,260434.765625,237847.515625,273262.0625
1771506935.093029,Concentrated,261782.03125,260529.4375,319193.46875,291020.0,275290.34375,260424.484375,237840.453125,273254.46875
1771506935.093029,Concentrated,261782.84375,260526.9375,319191.15625,291016.34375,275284.0,260422.0625,237838.671875,273251.25
1771506935.1089594,Concentrated,261781.5,260524.53125,319187.84375,291017.84375,275279.1875,260422.953125,237839.921875,273250.34375
1771506935.1089594,Concentrated,261776.046875,260518.890625,319185.0625,291013.5625,275274.8125,260422.515625,237836.703125,273249.03125
1771506935.1089594,Concentrated,261772.640625,260515.578125,319177.21875,291014.28125,275275.0625,260420.71875,237835.265625,273255.8125
1771506935.1318822,Concentrated,261768.796875,260512.640625,319170.40625,291011.59375,275275.15625,260419.375,237835.890625,273260.28125
1771506935.1318822,Concentrated,261768.984375,260514.0625,319174.0,291013.125,275276.3125,260420.90625,237840.71875,273254.03125
1771506935.1318822,Concentrated,261762.8125,260510.84375,319173.1875,291006.3125,275275.0625,260419.46875,237842.78125,273251.4375
1771506935.1318822,Concentrated,261762.71875,260513.625,319176.5625,291013.28125,275276.9375,260421.703125,237844.828125,273253.5625
1771506935.1318822,Concentrated,261762.8125,260512.984375,319171.21875,291007.9375,275278.1875,260421.171875,237842.6875,273255.8125
1771506935.160626,Concentrated,261765.40625,260513.796875,319162.71875,291012.125,275283.84375,260423.578125,237847.15625,273260.90625
1771506935.160626,Concentrated,261761.03125,260510.75,319162.90625,291005.25,275282.125,260423.671875,237846.4375,273255.375
1771506935.160626,Concentrated,261760.84375,260513.703125,319168.34375,291006.0625,275286.6875,260427.421875,237851.71875,273254.5625
1771506935.160626,Concentrated,261764.515625,260520.5,319171.46875,291009.96875,275295.28125,260434.84375,237856.453125,273257.875
1771506935.160626,Concentrated,261769.609375,260527.75,319173.28125,291025.625,275303.40625,260441.203125,237861.28125,273264.46875
1771506935.160626,Concentrated,261768.4375,260527.390625,319173.90625,291021.4375,275304.125,260441.5625,237859.765625,273267.78125
1771506935.160626,Concentrated,261769.78125,260529.53125,319172.46875,291003.71875,275304.9375,260442.1875,237860.484375,273265.5625
1771506935.1894326,Concentrated,261770.765625,260531.3125,319169.25,291008.71875,275305.09375,260439.765625,237862.890625,273265.09375
1771506935.1894326,Concentrated,261775.6875,260535.171875,319174.6875,291011.9375,275306.53125,260441.90625,237862.625,273263.15625
1771506935.1894326,Concentrated,261779.265625,260537.125,319174.25,291015.625,275307.15625,260443.34375,237859.765625,273263.15625
1771506935.1894326,Concentrated,261774.078125,260531.3125,319165.59375,291008.0,275301.875,260439.046875,237853.953125,273264.9375
1771506935.1894326,Concentrated,261778.375,260536.234375,319165.03125,291013.28125,275303.15625,260439.5,237859.9375,273263.9375
1771506935.2164245,Concentrated,261781.671875,260539.015625,319166.46875,291016.40625,275301.625,260437.265625,237861.90625,273260.28125
1771506935.2164245,Concentrated,261776.765625,260530.0625,319159.78125,290995.21875,275292.3125,260429.03125,237850.640625,273253.9375
1771506935.2164245,Concentrated,261779.078125,260529.53125,319155.65625,290999.25,275292.0625,260427.703125,237849.484375,273257.78125
1771506935.2164245,Concentrated,261779.984375,260528.1875,319153.78125,291004.78125,275290.28125,260425.46875,237847.78125,273254.65625
1771506935.2164245,Concentrated,261778.546875,260526.046875,319152.4375,291002.375,275287.3125,260422.6875,237846.625,273251.34375
1771506935.2164245,Concentrated,261774.96875,260521.125,319146.1875,290995.84375,275281.9375,260418.671875,237842.78125,273246.875
1771506935.2164245,Concentrated,261771.65625,260516.484375,319147.25,290989.6875,275278.46875,260416.34375,237838.578125,273247.21875
1771506935.2164245,Concentrated,261769.875,260514.515625,319148.6875,290987.09375,275278.5625,260416.96875,237836.25,273250.28125
1771506935.2164245,Concentrated,261765.765625,260511.03125,319149.03125,290975.90625,275276.21875,260416.703125,237833.21875,273249.09375
1771506935.2164245,Concentrated,261765.9375,260511.65625,319148.3125,290983.34375,275276.3125,260417.765625,237838.75,273251.53125
1771506935.243717,Concentrated,261759.953125,260505.296875,319142.25,290983.96875,275271.03125,260413.125,237839.828125,273250.8125
1771506935.243717,Concentrated,261756.203125,260499.765625,319136.6875,290975.8125,275266.40625,260407.765625,237836.515625,273245.96875
1771506935.243717,Concentrated,261756.734375,260498.6875,319135.1875,290970.03125,275267.46875,260408.828125,237835.359375,273249.28125
1771506935.243717,Concentrated,261756.015625,260497.078125,319133.3125,290972.59375,275268.8125,260410.625,237836.515625,273253.40625
1771506935.243717,Concentrated,261757.53125,260500.296875,319134.125,290982.0,275273.1875,260415.09375,237843.40625,273255.625
1771506935.243717,Concentrated,261753.15625,260498.421875,319132.78125,290969.9375,275274.09375,260416.96875,237844.5625,273256.09375
1771506935.2624516,Concentrated,261758.34375,260505.390625,319138.125,290974.125,275281.78125,260426.71875,237849.9375,273261.90625
1771506935.2624516,Concentrated,261761.375,260506.90625,319140.90625,290971.28125,275285.625,260432.796875,237847.34375,273263.15625
1771506935.2624516,Concentrated,261759.59375,260508.15625,319139.375,290970.1875,275290.28125,260435.921875,237846.890625,273267.625
1771506935.2624516,Concentrated,261759.59375,260511.65625,319139.375,290966.4375,275293.40625,260437.53125,237849.03125,273268.78125
1771506935.2624516,Concentrated,261758.15625,260514.0625,319140.375,290962.3125,275292.59375,260435.921875,237849.65625,273261.8125
1771506935.2624516,Concentrated,261762.09375,260519.78125,319142.875,290967.78125,275295.8125,260438.421875,237850.640625,273257.96875
1771506935.2624516,Concentrated,261762.546875,260520.765625,319128.75,290972.53125,275297.25,260434.140625,237849.484375,273259.46875
1771506935.2624516,Concentrated,261762.71875,260522.375,319128.3125,290971.625,275297.96875,260431.625,237849.3125,273257.5
1771506935.2850869,Concentrated,261766.484375,260527.75,319132.3125,290974.5,275298.59375,260433.234375,237851.890625,273253.3125
1771506935.2850869,Concentrated,261768.0,260527.125,319132.5,290970.65625,275293.84375,260430.109375,237851.0,273247.9375
1771506935.2850869,Concentrated,261768.359375,260523.71875,319127.9375,290963.9375,275290.0,260427.25,237846.171875,273248.3125
1771506935.2850869,Concentrated,261773.1875,260526.671875,319126.40625,290977.96875,275292.40625,260427.609375,237848.140625,273253.125
1771506935.3068283,Concentrated,261774.609375,260527.296875,319128.75,290975.125,275292.5,260429.671875,237847.875,273257.25
1771506935.3068283,Concentrated,261767.640625,260520.59375,319128.65625,290951.25,275286.25,260427.078125,237840.1875,273255.625
1771506935.3068283,Concentrated,261765.84375,260523.09375,319131.96875,290954.71875,275286.59375,260429.03125,237841.609375,273253.3125
1771506935.3068283,Concentrated,261768.984375,260527.75,319125.34375,290969.9375,275288.9375,260431.28125,237845.734375,273252.78125
1771506935.3301067,Concentrated,261766.203125,260521.390625,319115.0625,290960.4375,275284.1875,260426.453125,237838.9375,273250.34375
1771506935.3301067,Concentrated,261767.1875,260521.578125,319114.0,290958.3125,275283.28125,260424.203125,237836.515625,273252.15625
1771506935.3301067,Concentrated,261767.1875,260521.3125,319112.5625,290958.9375,275278.65625,260418.9375,237835.796875,273246.59375
1771506935.3301067,Concentrated,261773.8125,260528.09375,319117.46875,290969.75,275278.5625,260418.484375,237840.71875,273240.0625
1771506935.3301067,Concentrated,261777.828125,260529.796875,319118.46875,290964.125,275274.34375,260414.828125,237835.984375,273229.09375
1771506935.3301067,Concentrated,261784.890625,260533.5625,319120.59375,290968.125,275276.5,260415.984375,237836.609375,273229.875
1771506935.3301067,Concentrated,261783.90625,260531.59375,319118.28125,290967.34375,275276.84375,260416.796875,237836.703125,273232.75
1771506935.3301067,Concentrated,261781.140625,260526.578125,319112.84375,290965.71875,275274.53125,260414.46875,237838.84375,273234.8125
1771506935.3301067,Concentrated,261785.96875,260530.6875,319122.21875,290971.96875,275279.90625,260420.8125,237847.609375,273240.875
1771506935.355011,Concentrated,261788.46875,260536.421875,319120.59375,290976.1875,275289.71875,260429.9375,237855.5625,273251.53125
1771506935.355011,Concentrated,261794.640625,260546.78125,319132.6875,290987.90625,275303.84375,260444.234375,237863.609375,273264.46875
1771506935.355011,Concentrated,261800.359375,260556.53125,319144.84375,290987.53125,275317.53125,260460.59375,237873.171875,273271.625
1771506935.355011,Concentrated,261799.375,260558.671875,319145.5625,290993.4375,275324.15625,260466.328125,237879.96875,273279.6875
1771506935.355011,Concentrated,261787.125,260548.75,319136.15625,290972.15625,275318.96875,260462.5625,237875.59375,273282.1875
1771506935.3713162,Concentrated,261775.15625,260539.1875,319126.78125,290963.5,275313.96875,260458.0,237868.96875,273281.65625
1771506935.3713162,Concentrated,261762.09375,260524.96875,319109.53125,290951.59375,275304.9375,260447.28125,237857.890625,273278.34375
1771506935.3713162,Concentrated,261752.265625,260513.890625,319098.875,290933.53125,275295.625,260437.4375,237848.328125,273269.65625
1771506935.3713162,Concentrated,261755.84375,260516.125,319100.75,290944.625,275293.9375,260436.640625,237849.3125,273262.4375
1771506935.3975623,Concentrated,261752.703125,260512.640625,319093.4375,290937.375,275290.0,260433.859375,237848.328125,273260.71875
1771506935.3975623,Concentrated,261748.59375,260508.515625,319091.09375,290922.09375,275285.0,260431.453125,237840.8125,273259.375
1771506935.3975623,Concentrated,261747.875,260504.3125,319087.53125,290918.53125,275278.09375,260425.90625,237830.34375,273251.96875
1771506935.3975623,Concentrated,261756.375,260511.828125,319093.4375,290926.21875,275282.03125,260429.9375,237832.234375,273254.5625
1771506935.3975623,Concentrated,261762.09375,260518.171875,319092.96875,290932.375,275283.90625,260431.1875,237835.453125,273256.25
1771506935.3975623,Concentrated,261762.71875,260521.125,319100.40625,290921.28125,275284.46875,260434.40625,237834.375,273256.15625
1771506935.3975623,Concentrated,261765.3125,260523.625,319098.25,290924.25,275284.8125,260433.421875,237833.84375,273255.53125
1771506935.4194696,Concentrated,261767.1875,260523.90625,319092.28125,290928.71875,275284.375,260429.84375,237830.171875,273254.90625
1771506935.4194696,Concentrated,261772.828125,260527.75,319091.375,290935.78125,275286.25,260428.765625,237832.046875,273254.28125
1771506935.4194696,Concentrated,261778.71875,260532.296875,319093.15625,290934.6875,275286.5,260426.984375,237835.09375,273248.21875
1771506935.4194696,Concentrated,261776.84375,260531.5,319087.53125,290937.75,275282.84375,260421.4375,237836.96875,273246.34375
1771506935.4527268,Concentrated,261776.578125,260529.984375,319083.5,290932.09375,275280.34375,260417.765625,237835.890625,273246.34375
1771506935.4527268,Concentrated,261784.625,260534.984375,319089.5,290934.6875,275283.46875,260419.65625,237837.765625,273249.03125
1771506935.4527268,Concentrated,261788.375,260537.046875,319092.0,290946.15625,275282.84375,260418.578125,237840.09375,273248.125
1771506935.4527268,Concentrated,261780.328125,260528.09375,319084.03125,290932.375,275275.0625,260411.609375,237836.078125,273241.6875
1771506935.4775972,Concentrated,261771.9375,260522.640625,319074.65625,290930.3125,275268.625,260405.703125,237836.34375,273235.6875
1771506935.4775972,Concentrated,261772.921875,260524.4375,319072.59375,290938.90625,275268.375,260404.0,237838.75,273235.15625
1771506935.4775972,Concentrated,261774.796875,260524.796875,319070.625,290942.9375,275267.5625,260404.0,237838.484375,273234.875
1771506935.4775972,Concentrated,261774.171875,260523.0,319071.25,290936.9375,275265.0625,260402.390625,237836.15625,273233.1875
1771506935.4775972,Concentrated,261774.703125,260522.921875,319068.75,290936.125,275264.15625,260401.59375,237837.328125,273232.375
1771506935.4775972,Concentrated,261773.265625,260523.546875,319069.8125,290936.03125,275266.65625,260404.625,237841.890625,273230.15625
1771506935.4775972,Concentrated,261772.375,260522.734375,319072.40625,290931.46875,275270.96875,260410.171875,237843.9375,273232.5625
1771506935.4775972,Concentrated,261774.078125,260525.859375,319075.625,290942.75,275281.40625,260419.921875,237849.9375,273245.4375
1771506935.4775972,Concentrated,261769.703125,260523.71875,319073.03125,290933.4375,275287.3125,260425.1875,237850.640625,273247.125
1771506935.4775972,Concentrated,261768.359375,260524.171875,319074.21875,290925.75,275293.03125,260430.734375,237854.765625,273250.34375
1771506935.4775972,Concentrated,261765.21875,260524.53125,319072.5,290922.625,275295.4375,260433.0625,237857.0,273249.03125
1771506935.4775972,Concentrated,261762.453125,260524.875,319070.0,290921.375,275296.25,260432.796875,237855.5625,273246.59375
1771506935.5199862,Concentrated,261761.109375,260524.078125,319064.28125,290919.3125,275296.4375,260431.1875,237851.890625,273250.625
1771506935.5199862,Concentrated,261763.171875,260525.15625,319061.78125,290914.5,275297.15625,260431.90625,237849.484375,273253.5625
1771506935.5199862,Concentrated,261766.03125,260527.75,319063.375,290912.625,275296.53125,260431.453125,237849.390625,273255.09375
1771506935.5199862,Concentrated,261769.703125,260530.875,319068.125,290916.0,275295.09375,260431.8125,237849.75,273251.6875
1771506935.5199862,Concentrated,261774.34375,260534.890625,319075.625,290916.90625,275295.4375,260434.40625,237849.9375,273253.03125
1771506935.5199862,Concentrated,261781.671875,260539.453125,319076.53125,290926.5625,275298.3125,260437.890625,237850.46875,273255.09375
1771506935.5199862,Concentrated,261784.53125,260538.296875,319068.5625,290914.5,275296.0,260435.65625,237844.390625,273253.03125
1771506935.5199862,Concentrated,261787.578125,260542.5,319072.96875,290921.65625,275294.03125,260434.484375,237843.84375,273251.25
1771506935.5199862,Concentrated,261783.375,260540.265625,319071.96875,290917.28125,275288.375,260430.5625,237840.28125,273247.0625
1771506935.5199862,Concentrated,261780.609375,260535.078125,319065.28125,290910.75,275283.125,260425.109375,237835.265625,273244.46875
1771506935.5199862,Concentrated,261784.984375,260535.4375,319063.84375,290908.78125,275284.09375,260423.9375,237835.09375,273248.5625
1771506935.5474865,Concentrated,261787.484375,260536.328125,319063.9375,290910.65625,275285.71875,260423.234375,237835.265625,273250.0
1771506935.5474865,Concentrated,261783.28125,260531.859375,319058.125,290907.0,275280.15625,260415.1875,237833.65625,273244.90625
1771506935.5474865,Concentrated,261779.265625,260530.6875,319056.59375,290910.28125,275276.5,260410.625,237835.890625,273238.90625
1771506935.5474865,Concentrated,261778.640625,260533.828125,319057.5,290914.5,275279.625,260413.84375,237841.609375,273241.6875
1771506935.5474865,Concentrated,261782.578125,260537.125,319057.84375,290918.875,275285.96875,260418.578125,237847.703125,273246.34375
1771506935.5700567,Concentrated,261777.03125,260533.109375,319051.40625,290913.40625,275284.375,260415.359375,237845.015625,273244.625
1771506935.5700567,Concentrated,261768.796875,260529.265625,319048.0,290909.125,275280.53125,260411.78125,237844.125,273241.5
1771506935.5700567,Concentrated,261764.0625,260528.640625,319046.59375,290910.125,275281.875,260414.015625,237849.390625,273242.125
1771506935.5700567,Concentrated,261761.46875,260526.484375,319045.78125,290910.5625,275281.78125,260416.25,237850.5625,273242.5
1771506935.5700567,Concentrated,261762.09375,260523.359375,319039.15625,290910.125,275281.25,260415.09375,237848.859375,273242.84375
1771506935.5919259,Concentrated,261759.765625,260520.859375,319037.71875,290906.28125,275282.40625,260417.140625,237847.34375,273245.8125
1771506935.5919259,Concentrated,261758.25,260520.859375,319036.125,290907.25,275284.0,260420.015625,237851.0,273247.21875
1771506935.5919259,Concentrated,261761.828125,260527.65625,319043.53125,290913.40625,275290.90625,260427.609375,237860.21875,273247.5
1771506935.5919259,Concentrated,261763.796875,260531.671875,319044.53125,290913.0625,275298.5,260435.03125,237863.4375,273252.6875
1771506935.5919259,Concentrated,261764.234375,260533.734375,319045.40625,290912.96875,275306.1875,260442.0,237867.1875,273260.0
1771506935.6165614,Concentrated,261760.84375,260530.515625,319043.09375,290904.3125,275309.84375,260446.296875,237866.375,273264.75
1771506935.6165614,Concentrated,261755.03125,260526.40625,319038.71875,290897.25,275309.75,260445.578125,237865.390625,273264.125
1771506935.6388164,Concentrated,261750.828125,260525.15625,319036.46875,290896.34375,275309.84375,260444.140625,237866.03125,273262.875
1771506935.6388164,Concentrated,261751.375,260523.90625,319032.375,290900.90625,275309.5,260443.703125,237865.75,273265.1875
1771506935.6388164,Concentrated,261751.8125,260519.078125,319026.8125,290888.75,275306.375,260440.65625,237859.3125,273264.5625
1771506935.6388164,Concentrated,261754.5,260516.65625,319022.8125,290889.09375,275302.5,260436.1875,237853.78125,273263.78125
1771506935.6388164,Concentrated,261755.390625,260515.234375,319021.625,290883.375,275295.53125,260429.578125,237848.59375,273257.78125
1771506935.6388164,Concentrated,261755.75,260515.3125,319018.5,290884.375,275289.0,260423.671875,237845.015625,273252.9375
1771506935.6388164,Concentrated,261757.359375,260513.171875,319015.65625,290885.4375,275282.21875,260416.796875,237840.8125,273250.90625
1771506935.6388164,Concentrated,261758.875,260508.34375,319014.9375,290869.625,275272.65625,260408.828125,237827.3125,273243.21875
1771506935.6388164,Concentrated,261767.1875,260510.484375,319012.53125,290872.90625,275270.5,260406.234375,237823.828125,273245.15625
1771506935.6630666,Concentrated,261770.59375,260509.765625,319012.53125,290872.75,275264.6875,260400.609375,237819.265625,273239.625
1771506935.6630666,Concentrated,261768.53125,260507.0,319006.0,290867.75,275260.5,260398.109375,237817.296875,273236.78125
1771506935.6630666,Concentrated,261772.46875,260509.953125,319004.1875,290874.53125,275262.46875,260401.59375,237820.0625,273238.8125
1771506935.6630666,Concentrated,261771.03125,260508.078125,319002.78125,290864.6875,275261.46875,260402.21875,237813.90625,273235.34375
1771506935.6630666,Concentrated,261776.21875,260512.90625,319008.40625,290869.25,275266.5,260408.5625,237817.03125,273238.5625
1771506935.6630666,Concentrated,261779.984375,260519.96875,319016.09375,290888.03125,275271.5,260413.84375,237825.796875,273240.53125
1771506935.6630666,Concentrated,261767.28125,260512.8125,319010.28125,290874.0,275265.9375,260409.28125,237824.625,273235.6875
1771506935.6630666,Concentrated,261766.5625,260511.828125,319008.125,290864.59375,275266.125,260409.8125,237826.328125,273236.6875
1771506935.689392,Concentrated,261769.0625,260515.40625,319012.0625,290873.90625,275271.21875,260413.75,237828.734375,273237.9375
1771506935.689392,Concentrated,261766.5625,260512.09375,319007.5,290872.375,275272.125,260412.765625,237830.078125,273237.65625
1771506935.689392,Concentrated,261769.25,260515.671875,319010.625,290880.96875,275278.1875,260417.953125,237839.015625,273243.75
1771506935.689392,Concentrated,261762.09375,260510.9375,319006.71875,290872.375,275276.40625,260415.53125,237839.015625,273242.59375
1771506935.689392,Concentrated,261756.640625,260503.25,318998.375,290861.75,275272.125,260409.90625,237835.265625,273236.6875
1771506935.689392,Concentrated,261758.34375,260504.59375,318998.65625,290867.46875,275280.78125,260416.703125,237840.90625,273247.0625
1771506935.689392,Concentrated,261754.9375,260501.640625,318997.84375,290857.09375,275283.21875,260418.578125,237840.1875,273251.4375
1771506935.719439,Concentrated,261751.71875,260499.765625,318999.8125,290852.71875,275281.875,260417.328125,237839.65625,273250.96875
1771506935.719439,Concentrated,261753.0625,260501.90625,319002.9375,290855.5625,275281.59375,260416.796875,237843.40625,273247.125
1771506935.719439,Concentrated,261751.71875,260500.46875,318993.375,290852.90625,275280.625,260414.46875,237843.21875,273243.28125
1771506935.719439,Concentrated,261754.5,260504.765625,318993.125,290853.53125,275284.46875,260418.046875,237843.140625,273246.78125
1771506935.719439,Concentrated,261757.171875,260510.578125,318994.375,290861.125,275288.375,260419.828125,237844.75,273249.09375
1771506935.719439,Concentrated,261761.296875,260516.296875,319000.71875,290865.15625,275291.15625,260421.890625,237849.03125,273249.90625
1771506935.7424762,Concentrated,261761.734375,260515.234375,318996.0625,290858.78125,275289.8125,260419.828125,237849.3125,273250.4375
1771506935.7424762,Concentrated,261760.046875,260512.984375,318992.3125,290855.5625,275286.78125,260415.890625,237845.734375,273244.1875
1771506935.7424762,Concentrated,261757.8125,260510.125,318987.46875,290860.40625,275283.5625,260413.125,237840.8125,273246.875
1771506935.7424762,Concentrated,261756.015625,260505.84375,318983.8125,290855.3125,275278.8125,260409.546875,237835.171875,273245.15625
1771506935.7424762,Concentrated,261752.4375,260503.328125,318980.25,290843.25,275275.6875,260407.9375,237832.5,273243.65625
1771506935.7424762,Concentrated,261754.3125,260504.671875,318981.21875,290847.15625,275274.96875,260407.765625,237834.46875,273242.03125
1771506935.7631385,Concentrated,261750.203125,260498.953125,318975.9375,290837.6875,275268.09375,260401.6875,237827.125,273235.78125
1771506935.7631385,Concentrated,261751.71875,260497.4375,318972.1875,290836.875,275264.96875,260399.0,237821.671875,273236.21875
1771506935.7631385,Concentrated,261762.09375,260502.359375,318973.71875,290848.5,275266.5,260400.15625,237822.03125,273239.28125
1771506935.7631385,Concentrated,261758.703125,260498.5,318970.75,290841.53125,275259.6875,260394.34375,237817.03125,273233.625
1771506935.7631385,Concentrated,261752.0,260491.796875,318963.6875,290822.0625,275250.75,260385.765625,237810.0625,273224.96875
1771506935.7631385,Concentrated,261750.828125,260490.8125,318960.125,290823.46875,275246.71875,260381.296875,237808.53125,273223.8125
1771506935.7963924,Concentrated,261754.140625,260491.890625,318959.125,290829.375,275245.75,260378.796875,237807.90625,273221.3125
1771506935.7963924,Concentrated,261755.75,260490.015625,318959.84375,290829.8125,275243.59375,260375.578125,237805.3125,273220.21875
1771506935.7963924,Concentrated,261755.03125,260485.359375,318952.0625,290819.90625,275239.125,260372.625,237802.359375,273215.9375
1771506935.7963924,Concentrated,261757.09375,260488.140625,318954.3125,290831.4375,275238.40625,260373.421875,237808.359375,273214.0625
1771506935.7963924,Concentrated,261758.15625,260490.1875,318960.125,290828.9375,275240.5625,260377.0,237811.9375,273218.25
1771506935.7963924,Concentrated,261762.0,260492.703125,318964.59375,290829.125,275243.6875,260380.9375,237811.671875,273219.96875
1771506935.7963924,Concentrated,261757.53125,260487.953125,318957.53125,290826.25,275241.71875,260380.046875,237807.28125,273217.90625
1771506935.7963924,Concentrated,261757.359375,260491.4375,318955.84375,290834.9375,275246.46875,260384.328125,237812.640625,273222.1875
1771506935.8205621,Concentrated,261760.484375,260498.0625,318960.75,290832.6875,275254.25,260391.046875,237821.5,273225.40625
1771506935.8205621,Concentrated,261766.296875,260505.578125,318970.21875,290836.25,275263.28125,260398.640625,237828.65625,273228.375
1771506935.8205621,Concentrated,261768.171875,260508.515625,318968.875,290841.625,275269.71875,260403.734375,237831.421875,273229.78125
1771506935.8205621,Concentrated,261768.09375,260510.046875,318968.53125,290842.4375,275275.875,260409.71875,237834.015625,273234.53125
1771506935.8205621,Concentrated,261770.40625,260510.125,318969.6875,290831.4375,275278.09375,260412.046875,237836.25,273236.3125
1771506935.8205621,Concentrated,261769.875,260512.015625,318971.21875,290835.1875,275278.46875,260411.609375,237839.296875,273234.34375
1771506935.8537047,Concentrated,261771.390625,260516.5625,318975.0625,290840.03125,275283.125,260416.078125,237844.75,273237.75
1771506935.8537047,Concentrated,261772.109375,260514.328125,318967.28125,290833.84375,275282.125,260413.84375,237840.71875,273240.53125
1771506935.8537047,Concentrated,261775.15625,260513.796875,318960.03125,290833.125,275280.53125,260410.890625,237838.390625,273240.34375
1771506935.8537047,Concentrated,261773.265625,260513.796875,318955.21875,290834.125,275277.9375,260407.578125,237836.25,273238.71875
1771506935.8537047,Concentrated,261764.421875,260509.0625,318951.28125,290823.3125,275270.59375,260402.84375,237830.078125,273235.6875
1771506935.8537047,Concentrated,261764.6875,260510.578125,318952.6875,290824.46875,275269.15625,260403.203125,237828.03125,273234.625
1771506935.8537047,Concentrated,261765.140625,260510.046875,318953.0625,290825.4375,275269.25,260402.65625,237824.890625,273236.3125
1771506935.8537047,Concentrated,261762.8125,260506.734375,318950.375,290812.21875,275265.59375,260401.234375,237818.109375,273236.6875
1771506935.8537047,Concentrated,261764.234375,260508.875,318947.875,290815.625,275266.3125,260404.359375,237819.0,273236.40625
1771506935.8537047,Concentrated,261766.828125,260510.84375,318954.75,290817.3125,275266.03125,260407.578125,237821.046875,273232.5625
1771506935.8537047,Concentrated,261759.59375,260503.0625,318947.96875,290804.96875,275259.34375,260401.765625,237815.234375,273228.8125
1771506935.8831081,Concentrated,261756.640625,260500.03125,318941.09375,290806.59375,275261.125,260401.953125,237815.15625,273230.875
1771506935.8831081,Concentrated,261760.484375,260502.796875,318941.71875,290817.65625,275266.03125,260406.6875,237821.234375,273235.59375
1771506935.8831081,Concentrated,261757.359375,260500.203125,318935.90625,290818.03125,275263.34375,260402.3125,237823.375,273230.78125
1771506935.8831081,Concentrated,261753.515625,260497.34375,318933.84375,290802.375,275259.0625,260397.921875,237823.28125,273228.625
1771506935.9063327,Concentrated,261754.765625,260498.859375,318934.71875,290809.875,275260.40625,260398.640625,237828.203125,273229.78125
1771506935.9063327,Concentrated,261758.96875,260503.15625,318937.875,290820.25,275265.59375,260402.578125,237834.46875,273234.25
1771506935.9063327,Concentrated,261764.328125,260509.0625,318944.46875,290827.59375,275270.96875,260408.5625,237838.484375,273238.71875
1771506935.9063327,Concentrated,261762.28125,260508.609375,318944.03125,290819.46875,275269.875,260407.484375,237838.046875,273239.09375
1771506935.9063327,Concentrated,261760.21875,260510.671875,318945.90625,290824.28125,275272.375,260410.171875,237841.171875,273240.96875
1771506935.9063327,Concentrated,261759.59375,260511.203125,318948.0625,290812.125,275275.4375,260413.75,237841.890625,273241.40625
1771506935.9063327,Concentrated,261759.859375,260510.40625,318945.625,290811.40625,275275.875,260414.375,237837.765625,273241.5
1771506935.9306014,Concentrated,261763.078125,260513.265625,318945.1875,290813.375,275281.78125,260420.640625,237839.5625,273248.5625
1771506935.9306014,Concentrated,261765.140625,260515.671875,318944.375,290811.78125,275286.15625,260423.9375,237842.875,273252.40625
1771506935.9306014,Concentrated,261768.171875,260522.921875,318955.90625,290811.6875,275291.15625,260427.515625,237848.234375,273253.125
1771506935.9306014,Concentrated,261766.484375,260523.546875,318951.90625,290811.21875,275291.96875,260424.75,237849.75,273252.15625
1771506935.9306014,Concentrated,261770.953125,260527.65625,318952.15625,290810.5,275295.90625,260428.765625,237848.40625,273253.5
1771506935.9306014,Concentrated,261777.03125,260531.953125,318948.0625,290818.375,275300.0,260431.1875,237849.578125,273255.46875
1771506935.9306014,Concentrated,261776.9375,260529.171875,318941.875,290814.90625,275294.65625,260425.90625,237845.90625,273248.375
1771506935.9613748,Concentrated,261773.71875,260525.78125,318938.84375,290811.5,275289.0,260421.171875,237842.953125,273241.40625
1771506935.9613748,Concentrated,261774.53125,260526.484375,318941.4375,290811.0625,275288.84375,260419.109375,237842.953125,273240.15625
1771506935.9613748,Concentrated,261780.15625,260526.84375,318939.125,290802.5625,275287.75,260417.953125,237840.359375,273242.75
1771506935.9613748,Concentrated,261788.921875,260532.578125,318939.375,290813.65625,275290.71875,260419.5625,237842.328125,273243.65625
1771506935.9613748,Concentrated,261788.203125,260530.96875,318932.6875,290810.34375,275287.0625,260416.078125,237838.578125,273239.625
1771506935.9613748,Concentrated,261785.796875,260529.625,318927.3125,290809.4375,275283.65625,260413.65625,237838.484375,273236.40625
1771506935.9856973,Concentrated,261781.140625,260528.1875,318925.15625,290803.375,275282.5,260414.015625,237838.125,273239.625
1771506935.9856973,Concentrated,261779.625,260524.609375,318923.28125,290803.28125,275282.03125,260413.21875,237837.6875,273241.78125
1771506935.9856973,Concentrated,261772.203125,260516.75,318919.0,290791.75,275278.09375,260408.46875,237832.140625,273241.78125
1771506935.9856973,Concentrated,261764.328125,260513.265625,318920.34375,290793.4375,275275.5,260405.4375,237832.140625,273238.71875
1771506935.9856973,Concentrated,261759.859375,260512.1875,318922.75,290793.625,275276.125,260407.046875,237837.140625,273241.5
1771506935.9856973,Concentrated,261756.015625,260508.609375,318913.0,290789.78125,275272.375,260404.0,237836.25,273235.78125
1771506935.9856973,Concentrated,261755.03125,260505.03125,318912.375,290787.34375,275269.15625,260400.609375,237830.625,273237.03125
1771506936.008779,Concentrated,261756.015625,260504.765625,318915.0625,290787.625,275269.875,260402.21875,237829.1875,273236.15625
1771506936.008779,Concentrated,261756.734375,260505.65625,318918.46875,290789.3125,275271.9375,260405.796875,237832.765625,273236.6875
1771506936.008779,Concentrated,261754.859375,260503.96875,318916.21875,290787.1875,275272.375,260407.21875,237836.703125,273238.46875
1771506936.008779,Concentrated,261752.0,260501.09375,318915.5,290784.9375,275271.21875,260406.234375,237837.0625,273239.0
1771506936.008779,Concentrated,261747.171875,260496.265625,318909.6875,290781.375,275270.78125,260406.15625,237835.0,273242.125
1771506936.008779,Concentrated,261745.28125,260495.375,318906.125,290782.625,275273.90625,260408.296875,237835.890625,273242.3125
1771506936.008779,Concentrated,261744.84375,260495.46875,318904.5,290777.625,275275.96875,260408.203125,237836.25,273240.96875
1771506936.0350668,Concentrated,261743.40625,260497.171875,318899.40625,290776.375,275275.96875,260406.15625,237837.140625,273237.84375
1771506936.0350668,Concentrated,261741.171875,260500.296875,318896.90625,290777.53125,275278.5625,260406.0625,237839.203125,273236.3125
1771506936.0350668,Concentrated,261746.890625,260508.4375,318902.53125,290785.46875,275286.4375,260411.328125,237844.5625,273240.34375
1771506936.0350668,Concentrated,261754.234375,260515.859375,318906.125,290793.875,275291.96875,260415.53125,237846.984375,273243.90625
1771506936.0350668,Concentrated,261756.203125,260518.4375,318906.46875,290785.9375,275292.21875,260416.96875,237845.546875,273242.5
1771506936.0350668,Concentrated,261759.140625,260523.625,318906.75,290785.21875,275293.84375,260419.03125,237849.578125,273241.875
1771506936.0507722,Concentrated,261761.5625,260526.046875,318908.53125,290784.75,275292.6875,260419.828125,237848.859375,273236.59375
1771506936.0507722,Concentrated,261766.203125,260528.90625,318911.03125,290784.5,275296.4375,260422.953125,237850.109375,273239.8125
1771506936.0507722,Concentrated,261771.125,260532.21875,318912.375,290789.875,275303.15625,260428.5,237854.765625,273244.53125
1771506936.074969,Concentrated,261770.765625,260531.859375,318908.4375,290789.59375,275307.15625,260432.796875,237859.046875,273250.0
1771506936.074969,Concentrated,261765.21875,260532.921875,318910.59375,290784.5,275310.65625,260434.3125,237861.734375,273249.90625
1771506936.074969,Concentrated,261754.859375,260530.15625,318902.53125,290780.375,275308.875,260430.640625,237859.859375,273246.34375
1771506936.074969,Concentrated,261761.5625,260529.078125,318900.9375,290785.03125,275306.53125,260429.9375,237857.078125,273248.03125
1771506936.074969,Concentrated,261768.796875,260528.453125,318901.65625,290783.5,275303.15625,260426.265625,237853.59375,273245.09375
1771506936.074969,Concentrated,261767.453125,260526.671875,318895.84375,290780.21875,275300.375,260422.0625,237852.078125,273245.34375
1771506936.074969,Concentrated,261763.53125,260520.6875,318892.875,290770.8125,275290.71875,260414.734375,237843.40625,273231.3125
1771506936.0980673,Concentrated,261765.671875,260519.875,318894.5,290770.5625,275286.875,260412.5,237841.4375,273227.5625
1771506936.0980673,Concentrated,261762.359375,260513.890625,318887.71875,290768.75,275281.875,260409.28125,237836.34375,273226.5625
1771506936.0980673,Concentrated,261763.796875,260512.984375,318888.5,290774.5625,275279.625,260410.4375,237834.1875,273228.09375
1771506936.0980673,Concentrated,261766.828125,260516.296875,318891.375,290781.09375,275280.4375,260414.109375,237836.875,273229.34375
1771506936.0980673,Concentrated,261772.015625,260522.640625,318901.5625,290780.90625,275286.15625,260422.328125,237845.8125,273236.78125
1771506936.1305816,Concentrated,261771.9375,260522.921875,318903.34375,290771.96875,275289.1875,260426.984375,237848.40625,273247.75
1771506936.1305816,Concentrated,261777.296875,260527.390625,318911.9375,290771.25,275296.53125,260435.65625,237850.375,273255.46875
1771506936.1305816,Concentrated,261780.421875,260530.875,318917.9375,290777.4375,275305.65625,260445.125,237855.65625,273266.53125
1771506936.1305816,Concentrated,261779.53125,260532.75,318910.9375,290781.09375,275310.125,260448.171875,237859.046875,273271.53125
1771506936.1305816,Concentrated,261775.6875,260531.953125,318911.21875,290775.8125,275310.21875,260446.03125,237861.546875,273271.90625
1771506936.1305816,Concentrated,261769.25,260527.5625,318904.78125,290770.09375,275307.0,260441.90625,237860.21875,273268.0625
1771506936.1305816,Concentrated,261759.859375,260518.359375,318886.90625,290757.59375,275299.03125,260430.828125,237849.390625,273259.84375
1771506936.1592953,Concentrated,261756.828125,260514.421875,318876.96875,290753.84375,275294.03125,260421.796875,237842.328125,273252.59375
1771506936.1592953,Concentrated,261758.96875,260517.015625,318876.96875,290750.53125,275292.78125,260417.765625,237842.6875,273246.25
1771506936.1592953,Concentrated,261759.859375,260518.359375,318875.1875,290752.40625,275288.21875,260411.328125,237842.328125,273237.21875
1771506936.1592953,Concentrated,261762.984375,260521.75,318876.96875,290754.53125,275289.71875,260412.859375,237844.390625,273235.59375
1771506936.1592953,Concentrated,261770.765625,260527.828125,318882.875,290758.03125,275293.40625,260419.109375,237844.921875,273238.71875
1771506936.1592953,Concentrated,261773.0,260529.796875,318884.5,290758.9375,275293.84375,260421.625,237843.046875,273240.34375
1771506936.181788,Concentrated,261774.171875,260530.515625,318876.625,290756.34375,275293.75,260421.703125,237844.390625,273239.0
1771506936.181788,Concentrated,261776.671875,260534.265625,318880.28125,290761.59375,275297.15625,260425.1875,237849.484375,273237.5625
1771506936.181788,Concentrated,261778.546875,260536.5,318878.3125,290775.46875,275298.84375,260426.796875,237853.5,273237.65625
1771506936.181788,Concentrated,261769.78125,260525.328125,318865.4375,290747.65625,275292.5,260420.546875,237843.84375,273235.0625
1771506936.181788,Concentrated,261766.03125,260521.125,318859.09375,290746.0625,275290.34375,260417.421875,237841.4375,273236.78125
1771506936.181788,Concentrated,261765.578125,260520.234375,318860.0,290749.8125,275291.25,260417.859375,237842.953125,273239.625
1771506936.181788,Concentrated,261761.828125,260517.546875,318858.65625,290746.40625,275289.28125,260415.1875,237843.40625,273235.6875
1771506936.181788,Concentrated,261756.46875,260515.859375,318854.0,290744.0,275289.28125,260414.640625,237844.75,273237.5625
1771506936.2112894,Concentrated,261752.703125,260518.71875,318853.09375,290744.09375,275294.65625,260419.109375,237847.25,273245.09375
1771506936.2112894,Concentrated,261756.109375,260515.234375,318853.0,290747.84375,275290.625,260415.53125,237842.515625,273242.65625
1771506936.2112894,Concentrated,261758.25,260508.34375,318851.5,290741.125,275282.21875,260407.484375,237836.515625,273234.8125
1771506936.2112894,Concentrated,261755.84375,260508.078125,318854.28125,290734.4375,275283.46875,260409.09375,237839.296875,273236.15625
1771506936.2112894,Concentrated,261755.03125,260508.078125,318858.75,290737.1875,275284.90625,260411.25,237840.625,273235.59375
1771506936.2112894,Concentrated,261754.9375,260504.3125,318851.5,290733.96875,275282.03125,260408.921875,237835.625,273234.0
1771506936.2112894,Concentrated,261758.515625,260506.640625,318853.71875,290739.0625,275284.53125,260410.984375,237835.796875,273233.90625
1771506936.2506294,Concentrated,261761.203125,260512.359375,318865.0,290741.40625,275290.1875,260416.96875,237841.171875,273234.09375
1771506936.2506294,Concentrated,261760.3125,260512.640625,318865.0,290734.6875,275288.21875,260415.09375,237841.171875,273227.1875
1771506936.2506294,Concentrated,261760.578125,260514.78125,318858.46875,290740.25,275290.1875,260416.34375,237843.046875,273230.96875
1771506936.2506294,Concentrated,261763.171875,260516.125,318853.09375,290744.53125,275290.90625,260415.09375,237844.390625,273235.15625
1771506936.2763472,Concentrated,261767.546875,260517.8125,318850.78125,290741.5,275291.59375,260415.1875,237844.03125,273236.84375
1771506936.2763472,Concentrated,261770.953125,260520.6875,318852.75,290742.65625,275292.875,260416.515625,237844.75,273236.9375
1771506936.2763472,Concentrated,261773.265625,260521.65625,318849.09375,290740.0625,275291.34375,260414.734375,237846.171875,273233.5625
1771506936.2763472,Concentrated,261774.796875,260522.015625,318849.4375,290738.4375,275290.1875,260413.578125,237846.625,273231.84375
1771506936.2763472,Concentrated,261779.265625,260523.71875,318843.8125,290748.28125,275290.71875,260411.609375,237847.0625,273234.09375
1771506936.2763472,Concentrated,261780.0625,260522.734375,318836.90625,290746.5,275290.1875,260410.265625,237844.125,273230.96875
1771506936.2763472,Concentrated,261776.578125,260520.40625,318836.84375,290730.5,275287.9375,260405.34375,237841.171875,273228.53125
1771506936.2763472,Concentrated,261773.625,260522.296875,318834.15625,290732.8125,275286.96875,260402.65625,237844.65625,273226.9375
1771506936.2763472,Concentrated,261769.421875,260520.59375,318827.8125,290730.75,275284.0,260400.875,237844.125,273224.0625
1771506936.2763472,Concentrated,261771.578125,260523.546875,318828.6875,290732.46875,275287.9375,260406.15625,237845.734375,273230.15625
1771506936.2763472,Concentrated,261772.109375,260525.953125,318830.65625,290735.15625,275293.03125,260410.359375,237847.703125,273237.46875
1771506936.2763472,Concentrated,261774.53125,260529.984375,318838.875,290739.96875,275296.15625,260415.71875,237851.265625,273239.53125
1771506936.2763472,Concentrated,261771.578125,260528.015625,318841.03125,290733.71875,275294.03125,260415.359375,237850.640625,273237.46875
1771506936.3025084,Concentrated,261769.703125,260526.21875,318841.65625,290733.34375,275291.6875,260413.84375,237848.671875,273235.78125
1771506936.3025084,Concentrated,261769.703125,260524.796875,318839.4375,290729.78125,275292.5,260415.359375,237846.984375,273238.5625
1771506936.3025084,Concentrated,261768.4375,260521.3125,318832.375,290718.25,275290.4375,260414.015625,237841.265625,273237.75
1771506936.3025084,Concentrated,261767.8125,260520.328125,318833.15625,290716.28125,275287.6875,260412.234375,237838.484375,273237.65625
1771506936.3025084,Concentrated,261765.84375,260516.296875,318826.71875,290716.1875,275284.8125,260408.203125,237838.578125,273236.84375
1771506936.3025084,Concentrated,261766.5625,260517.109375,318830.125,290716.46875,275286.4375,260411.0625,237840.984375,273237.46875
1771506936.3025084,Concentrated,261768.4375,260520.328125,318831.75,290716.0,275293.40625,260419.03125,237843.9375,273244.8125
1771506936.3256414,Concentrated,261769.0625,260522.015625,318830.21875,290720.75,275299.3125,260425.015625,237846.09375,273252.3125
1771506936.3256414,Concentrated,261772.375,260525.953125,318834.34375,290724.15625,275303.5,260430.203125,237850.109375,273251.875
1771506936.3256414,Concentrated,261772.734375,260529.171875,318843.71875,290720.3125,275305.65625,260434.578125,237852.875,273249.5625
1771506936.3256414,Concentrated,261768.265625,260529.625,318845.5,290721.90625,275304.9375,260435.125,237853.6875,273250.0
1771506936.3256414,Concentrated,261766.828125,260527.921875,318836.375,290716.28125,275305.03125,260434.140625,237852.078125,273248.5625
1771506936.3513923,Concentrated,261766.390625,260526.21875,318832.71875,290715.84375,275302.15625,260430.375,237847.609375,273244.53125
1771506936.3513923,Concentrated,261768.0,260526.9375,318831.46875,290717.1875,275299.5625,260427.703125,237846.53125,273241.5
1771506936.3513923,Concentrated,261772.203125,260532.03125,318829.15625,290724.875,275301.4375,260425.1875,237854.3125,273242.84375
1771506936.3513923,Concentrated,261772.203125,260531.3125,318828.15625,290717.4375,275296.71875,260420.015625,237850.5625,273239.0
1771506936.3513923,Concentrated,261773.09375,260529.171875,318821.625,290720.5625,275293.65625,260416.078125,237846.53125,273239.09375
1771506936.3513923,Concentrated,261781.59375,260536.234375,318827.09375,290725.21875,275299.9375,260423.5,237851.09375,273244.625
1771506936.3513923,Concentrated,261782.84375,260537.3125,318829.40625,290723.625,275301.53125,260426.984375,237852.96875,273246.4375
1771506936.3513923,Concentrated,261783.109375,260537.484375,318827.1875,290724.0625,275301.875,260427.609375,237856.640625,273245.8125
1771506936.3800075,Concentrated,261781.859375,260537.484375,318827.625,290720.3125,275302.34375,260429.390625,237856.1875,273241.40625
1771506936.3800075,Concentrated,261779.890625,260535.4375,318816.4375,290718.6875,275303.5,260430.109375,237853.5,273242.03125
1771506936.3800075,Concentrated,261781.9375,260536.140625,318818.6875,290717.34375,275307.53125,260435.390625,237853.78125,273247.84375
1771506936.3800075,Concentrated,261780.328125,260533.828125,318821.09375,290712.15625,275307.625,260437.4375,237852.796875,273246.78125
1771506936.3800075,Concentrated,261778.546875,260534.0,318823.40625,290712.875,275306.8125,260437.359375,237853.78125,273243.21875
1771506936.3800075,Concentrated,261778.8125,260536.0625,318827.53125,290720.3125,275306.53125,260437.171875,237854.765625,273238.71875
1771506936.4087126,Concentrated,261775.421875,260530.78125,318818.40625,290711.53125,275303.84375,260434.40625,237850.46875,273242.40625
1771506936.4087126,Concentrated,261772.828125,260525.859375,318813.59375,290705.375,275301.8125,260431.0,237846.796875,273244.8125
1771506936.4087126,Concentrated,261768.796875,260522.5625,318807.5,290703.84375,275298.03125,260425.546875,237845.734375,273244.28125
1771506936.4087126,Concentrated,261768.4375,260521.84375,318808.5,290705.71875,275293.03125,260420.09375,237844.125,273238.28125
1771506936.4087126,Concentrated,261761.5625,260515.5,318804.09375,290691.96875,275285.875,260413.125,237838.125,273235.15625
1771506936.4087126,Concentrated,261762.453125,260514.328125,318797.21875,290686.15625,275285.0,260411.515625,237835.53125,273236.78125
1771506936.4087126,Concentrated,261763.34375,260512.359375,318793.125,290689.46875,275281.40625,260407.046875,237831.875,273230.6875
1771506936.4087126,Concentrated,261766.921875,260515.765625,318796.25,290692.75,275282.65625,260406.953125,237835.71875,273230.5
1771506936.4344373,Concentrated,261769.609375,260520.140625,318799.09375,290695.96875,275284.8125,260408.203125,237841.53125,273228.4375
1771506936.4344373,Concentrated,261771.21875,260524.34375,318801.4375,290702.6875,275289.28125,260411.6875,237847.25,273228.09375
1771506936.4344373,Concentrated,261772.921875,260525.0625,318797.40625,290707.53125,275291.59375,260411.78125,237848.59375,273233.0
1771506936.4344373,Concentrated,261776.140625,260526.046875,318793.65625,290704.375,275295.375,260414.28125,237849.21875,273237.84375
1771506936.460087,Concentrated,261778.375,260532.296875,318797.84375,290712.25,275299.84375,260418.671875,237853.234375,273240.625
1771506936.460087,Concentrated,261770.140625,260530.515625,318796.5,290699.75,275297.34375,260417.140625,237851.890625,273237.84375
1771506936.460087,Concentrated,261762.28125,260524.4375,318786.6875,290684.625,275293.65625,260414.28125,237848.59375,273236.9375
1771506936.460087,Concentrated,261763.171875,260526.3125,318789.96875,290689.09375,275295.8125,260418.40625,237848.859375,273238.5625
1771506936.460087,Concentrated,261765.765625,260528.453125,318794.375,290688.84375,275296.96875,260419.921875,237847.515625,273235.6875
1771506936.460087,Concentrated,261768.53125,260530.421875,318797.40625,290690.8125,275298.59375,260421.34375,237849.03125,273237.40625
1771506936.460087,Concentrated,261771.484375,260534.453125,318803.9375,290693.03125,275299.375,260423.9375,237852.4375,273237.9375
1771506936.460087,Concentrated,261770.671875,260530.78125,318794.4375,290691.875,275295.625,260418.9375,237850.375,273231.59375
1771506936.4831026,Concentrated,261771.9375,260527.921875,318787.46875,290681.84375,275297.15625,260419.296875,237848.328125,273235.875
1771506936.4831026,Concentrated,261774.609375,260528.28125,318785.4375,290685.15625,275299.21875,260421.4375,237847.34375,273240.625
1771506936.4831026,Concentrated,261780.15625,260533.015625,318788.09375,290697.5,275302.25,260424.296875,237851.984375,273239.625
1771506936.4831026,Concentrated,261772.28125,260525.953125,318784.875,290679.8125,275293.3125,260416.96875,237846.171875,273232.9375
1771506936.4831026,Concentrated,261773.890625,260529.796875,318787.9375,290687.40625,275294.125,260418.40625,237849.390625,273230.5
1771506936.4831026,Concentrated,261769.78125,260526.484375,318783.09375,290685.6875,275291.6875,260416.515625,237845.28125,273227.5625
1771506936.501555,Concentrated,261767.546875,260524.25,318780.5,290680.0625,275290.34375,260417.234375,237841.890625,273230.875
1771506936.501555,Concentrated,261768.4375,260524.078125,318783.09375,290673.375,275290.0,260418.3125,237840.71875,273231.9375
1771506936.501555,Concentrated,261770.046875,260528.734375,318785.59375,290679.0,275294.46875,260422.328125,237847.96875,273234.96875
1771506936.501555,Concentrated,261765.21875,260528.1875,318782.46875,290675.78125,275293.65625,260422.25,237846.796875,273232.375
1771506936.501555,Concentrated,261762.71875,260515.9375,318771.84375,290668.71875,275281.9375,260411.15625,237834.546875,273224.4375
1771506936.501555,Concentrated,261767.734375,260512.8125,318770.40625,290678.71875,275279.0,260408.203125,237831.515625,273224.0625
1771506936.5263042,Concentrated,261766.296875,260512.8125,318769.875,290675.15625,275279.90625,260408.921875,237832.765625,273225.9375
1771506936.5263042,Concentrated,261759.59375,260508.796875,318767.8125,290654.84375,275276.40625,260404.625,237830.265625,273219.78125
1771506936.5263042,Concentrated,261759.140625,260512.359375,318770.5,290661.90625,275279.34375,260406.59375,237833.5625,273219.5
1771506936.5263042,Concentrated,261758.25,260511.734375,318770.65625,290659.5,275280.0,260407.578125,237831.25,273221.375
1771506936.5263042,Concentrated,261762.28125,260513.53125,318768.4375,290667.71875,275282.125,260408.203125,237832.5,273224.25
1771506936.5481255,Concentrated,261766.75,260517.375,318768.78125,290662.53125,275286.25,260410.53125,237835.890625,273225.5
1771506936.5481255,Concentrated,261765.84375,260516.5625,318765.40625,290666.125,275286.4375,260409.28125,237840.09375,273225.15625
1771506936.5481255,Concentrated,261767.734375,260516.484375,318762.0,290669.59375,275285.34375,260407.140625,237841.265625,273223.34375
1771506936.5481255,Concentrated,261769.609375,260519.515625,318765.65625,290667.5625,275286.96875,260408.828125,237841.890625,273227.1875
1771506936.5481255,Concentrated,261768.71875,260518.0,318752.96875,290662.1875,275286.4375,260405.53125,237839.734375,273228.375
1771506936.5638113,Concentrated,261771.9375,260519.609375,318750.03125,290666.03125,275286.6875,260404.09375,237841.609375,273228.4375
1771506936.5638113,Concentrated,261771.65625,260520.140625,318749.40625,290667.5625,275285.34375,260402.21875,237845.734375,273227.65625
1771506936.5638113,Concentrated,261764.0625,260514.0625,318742.5,290656.8125,275279.1875,260396.046875,237839.921875,273221.84375
1771506936.5981157,Concentrated,261756.28125,260505.84375,318733.75,290651.71875,275272.28125,260390.234375,237831.609375,273220.84375
1771506936.5981157,Concentrated,261758.96875,260506.828125,318735.25,290656.09375,275272.75,260392.828125,237829.640625,273223.1875
1771506936.5981157,Concentrated,261760.671875,260507.890625,318738.46875,290655.125,275272.9375,260393.453125,237829.8125,273221.375
1771506936.5981157,Concentrated,261757.09375,260504.59375,318738.9375,290642.53125,275268.71875,260390.59375,237827.40625,273217.8125
1771506936.5981157,Concentrated,261755.296875,260506.109375,318738.21875,290647.875,275271.5,260394.796875,237830.96875,273220.59375
1771506936.5981157,Concentrated,261751.09375,260503.421875,318734.09375,290639.5625,275271.3125,260396.40625,237827.84375,273221.125
1771506936.5981157,Concentrated,261753.6875,260505.390625,318733.75,290643.15625,275277.03125,260400.515625,237830.890625,273226.3125
1771506936.5981157,Concentrated,261756.28125,260509.421875,318738.21875,290649.40625,275282.03125,260406.0625,237837.140625,273227.28125
1771506936.621291,Concentrated,261747.875,260505.65625,318737.9375,290639.84375,275277.03125,260404.1875,237832.671875,273222.28125
1771506936.621291,Concentrated,261738.046875,260498.953125,318732.84375,290630.625,275270.5,260399.09375,237826.421875,273218.4375
1771506936.621291,Concentrated,261738.578125,260499.140625,318729.90625,290634.21875,275271.65625,260401.046875,237828.296875,273224.4375
1771506936.621291,Concentrated,261736.96875,260497.796875,318722.75,290635.53125,275270.875,260401.046875,237825.96875,273224.4375
1771506936.621291,Concentrated,261731.4375,260492.515625,318720.96875,290623.375,275267.28125,260397.484375,237819.984375,273221.75
1771506936.621291,Concentrated,261723.46875,260486.703125,318716.03125,290614.1875,275261.21875,260389.609375,237815.328125,273217.53125
1771506936.621291,Concentrated,261724.359375,260490.28125,318716.75,290632.25,275265.0625,260391.390625,237821.859375,273217.53125
1771506936.621291,Concentrated,261722.3125,260486.609375,318710.5,290620.875,275267.125,260393.0,237822.484375,273221.125
1771506936.621291,Concentrated,261728.296875,260488.40625,318715.25,290626.59375,275273.8125,260398.640625,237825.171875,273228.625
1771506936.6487055,Concentrated,261729.1875,260486.703125,318716.125,290626.6875,275274.875,260397.296875,237826.6875,273225.875
1771506936.6487055,Concentrated,261731.875,260489.296875,318722.125,290627.59375,275276.84375,260398.1875,237831.328125,273223.96875
1771506936.6487055,Concentrated,261736.609375,260491.171875,318719.25,290617.03125,275279.28125,260399.796875,237832.9375,273227.03125
1771506936.6487055,Concentrated,261740.8125,260494.3125,318714.25,290624.375,275281.9375,260400.78125,237835.09375,273227.1875
1771506936.6487055,Concentrated,261747.515625,260501.1875,318718.53125,290634.28125,275286.96875,260404.625,237839.46875,273231.5
1771506936.6487055,Concentrated,261747.703125,260500.65625,318718.0,290628.40625,275283.5625,260401.953125,237836.34375,273229.71875
1771506936.6724582,Concentrated,261747.703125,260500.46875,318716.84375,290627.59375,275277.65625,260396.140625,237831.609375,273220.6875
1771506936.6724582,Concentrated,261749.046875,260501.015625,318716.9375,290627.0625,275275.4375,260394.609375,237832.40625,273219.5
1771506936.6724582,Concentrated,261745.5625,260496.0,318708.0,290620.34375,275272.75,260392.109375,237828.46875,273220.40625
1771506936.6724582,Concentrated,261740.1875,260488.5,318694.6875,290616.9375,275268.09375,260386.65625,237823.109375,273220.5
1771506936.6724582,Concentrated,261740.546875,260487.15625,318691.71875,290615.96875,275267.46875,260386.21875,237822.84375,273222.1875
1771506936.6724582,Concentrated,261745.90625,260492.15625,318698.25,290622.125,275269.0,260388.71875,237826.953125,273219.15625
1771506936.6724582,Concentrated,261747.96875,260494.75,318702.53125,290625.625,275271.5,260392.828125,237830.078125,273217.8125
1771506936.700594,Concentrated,261744.578125,260492.703125,318696.90625,290623.46875,275273.0,260393.28125,237826.6875,273219.875
1771506936.700594,Concentrated,261742.96875,260491.4375,318697.09375,290611.40625,275274.34375,260395.15625,237823.828125,273220.125
1771506936.700594,Concentrated,261742.515625,260491.265625,318698.6875,290614.1875,275274.34375,260395.953125,237825.515625,273219.5
1771506936.700594,Concentrated,261742.421875,260493.40625,318701.125,290617.125,275274.8125,260397.203125,237829.8125,273221.9375
1771506936.729365,Concentrated,261746.265625,260496.453125,318705.59375,290611.0625,275275.5,260399.53125,237831.515625,273221.3125
1771506936.729365,Concentrated,261746.0,260493.765625,318701.65625,290611.84375,275274.1875,260397.296875,237829.375,273218.78125
1771506936.729365,Concentrated,261746.71875,260492.34375,318699.40625,290613.0,275274.25,260396.671875,237826.234375,273220.6875
1771506936.729365,Concentrated,261755.03125,260500.921875,318710.3125,290624.0,275281.25,260403.734375,237833.65625,273224.875
1771506936.729365,Concentrated,261751.8125,260500.921875,318705.3125,290615.4375,275280.0625,260403.5625,237834.28125,273222.71875
1771506936.729365,Concentrated,261748.328125,260500.828125,318701.8125,290614.28125,275279.34375,260404.625,237833.5625,273222.65625
1771506936.729365,Concentrated,261746.625,260500.828125,318700.84375,290609.53125,275281.15625,260407.578125,237831.6875,273224.0625
1771506936.757569,Concentrated,261742.609375,260498.328125,318696.46875,290611.0625,275280.78125,260406.78125,237829.1875,273224.15625
1771506936.757569,Concentrated,261735.984375,260493.765625,318692.09375,290610.25,275280.4375,260406.0625,237829.640625,273225.59375
1771506936.757569,Concentrated,261732.328125,260491.09375,318693.4375,290592.09375,275281.5,260409.375,237830.890625,273226.3125
1771506936.757569,Concentrated,261733.046875,260491.984375,318696.71875,290598.4375,275283.125,260412.3125,237834.90625,273230.15625
1771506936.757569,Concentrated,261738.140625,260495.5625,318699.6875,290609.25,275284.90625,260414.46875,237837.140625,273233.28125
1771506936.757569,Concentrated,261744.21875,260498.328125,318700.75,290609.78125,275285.875,260415.1875,237836.25,273231.9375
1771506936.757569,Concentrated,261742.34375,260495.828125,318702.28125,290594.96875,275282.40625,260413.65625,237831.15625,273230.96875
1771506936.7805476,Concentrated,261741.796875,260497.25,318705.40625,290595.9375,275280.78125,260412.859375,237831.609375,273227.28125
1771506936.7805476,Concentrated,261743.5,260501.375,318701.75,290602.09375,275283.28125,260414.375,237836.078125,273227.1875
1771506936.7805476,Concentrated,261746.890625,260503.609375,318697.8125,290608.375,275286.15625,260416.078125,237837.40625,273229.4375
1771506936.7805476,Concentrated,261744.21875,260502.265625,318692.0,290600.5,275286.4375,260412.671875,237835.53125,273229.875
1771506936.7805476,Concentrated,261744.65625,260504.3125,318690.84375,290597.09375,275289.5625,260414.203125,237838.046875,273231.9375
1771506936.7805476,Concentrated,261748.59375,260510.125,318695.03125,290606.3125,275294.65625,260417.6875,237845.015625,273233.09375
1771506936.7805476,Concentrated,261743.328125,260507.453125,318687.0625,290601.21875,275294.1875,260415.09375,237847.609375,273230.6875
1771506936.8056092,Concentrated,261746.890625,260510.484375,318683.21875,290614.4375,275298.21875,260416.96875,237852.796875,273230.6875
1771506936.8056092,Concentrated,261741.171875,260503.328125,318677.34375,290614.90625,275294.125,260412.859375,237847.25,273230.5
1771506936.8056092,Concentrated,261735.09375,260493.765625,318668.65625,290594.0625,275287.5,260406.234375,237840.546875,273228.09375
1771506936.8056092,Concentrated,261740.453125,260499.578125,318681.0,290593.78125,275289.5625,260410.4375,237845.453125,273228.71875
1771506936.8056092,Concentrated,261738.578125,260499.046875,318680.28125,290594.96875,275286.875,260408.828125,237844.296875,273223.53125
1771506936.8056092,Concentrated,261744.84375,260504.40625,318687.875,290600.21875,275289.8125,260413.21875,237845.1875,273222.0
1771506936.833774,Concentrated,261742.96875,260501.1875,318679.21875,290592.4375,275286.15625,260408.828125,237838.578125,273219.4375
1771506936.833774,Concentrated,261743.953125,260503.328125,318681.875,290590.9375,275286.25,260411.0625,237838.21875,273220.0625
1771506936.833774,Concentrated,261747.171875,260511.296875,318691.53125,290597.1875,275289.46875,260417.234375,237844.484375,273218.25
1771506936.833774,Concentrated,261743.046875,260506.734375,318684.40625,290591.28125,275284.8125,260412.3125,237841.171875,273214.40625
1771506936.833774,Concentrated,261740.1875,260500.65625,318678.21875,290582.625,275280.34375,260409.453125,237833.21875,273214.3125
1771506936.833774,Concentrated,261736.171875,260496.1875,318668.9375,290578.40625,275277.3125,260405.796875,237827.765625,273210.5625
1771506936.833774,Concentrated,261739.203125,260498.5,318665.875,290582.15625,275279.1875,260405.34375,237831.25,273216.21875
1771506936.833774,Concentrated,261740.546875,260500.46875,318668.46875,290578.78125,275280.875,260406.59375,237834.28125,273219.59375
1771506936.8563206,Concentrated,261744.390625,260504.59375,318672.6875,290585.5625,275283.90625,260409.71875,237838.484375,273217.28125
1771506936.8563206,Concentrated,261753.0625,260514.59375,318679.75,290600.6875,275294.125,260419.46875,237848.59375,273228.4375
1771506936.8563206,Concentrated,261763.4375,260522.828125,318690.84375,290609.71875,275305.65625,260431.625,237857.4375,273246.15625
1771506936.8563206,Concentrated,261766.203125,260523.359375,318696.5625,290600.21875,275309.65625,260436.640625,237860.03125,273254.90625
1771506936.8563206,Concentrated,261767.375,260525.6875,318690.5625,290607.03125,275311.90625,260438.609375,237865.484375,273260.625
1771506936.8563206,Concentrated,261765.3125,260524.875,318689.59375,290611.40625,275309.9375,260437.078125,237866.46875,273258.40625
1771506936.8563206,Concentrated,261758.25,260516.5625,318682.96875,290593.78125,275303.59375,260431.71875,237856.90625,273254.65625
1771506936.8949335,Concentrated,261752.4375,260507.71875,318672.84375,290585.46875,275295.625,260423.234375,237848.046875,273248.5625
1771506936.9174855,Concentrated,261749.125,260503.25,318668.9375,290576.625,275290.71875,260417.59375,237843.578125,273244.0
1771506936.9174855,Concentrated,261749.046875,260504.046875,318671.34375,290580.28125,275285.96875,260412.140625,237843.3125,273235.34375
1771506936.9174855,Concentrated,261742.875,260497.4375,318659.71875,290573.0625,275275.5,260402.84375,237836.15625,273222.09375
1771506936.9174855,Concentrated,261742.15625,260495.640625,318658.65625,290570.71875,275274.4375,260402.578125,237834.28125,273221.125
1771506936.9174855,Concentrated,261749.125,260501.640625,318660.0,290581.46875,275280.53125,260408.390625,237839.015625,273223.90625
1771506936.9174855,Concentrated,261751.1875,260504.40625,318659.90625,290585.9375,275282.21875,260410.703125,237840.359375,273223.90625
1771506936.9174855,Concentrated,261748.421875,260504.234375,318662.03125,290583.5,275281.6875,260411.328125,237840.8125,273219.78125
1771506936.9174855,Concentrated,261747.703125,260503.609375,318664.0,290565.90625,275282.03125,260410.890625,237841.34375,273218.71875
1771506936.9174855,Concentrated,261755.484375,260509.234375,318664.90625,290576.71875,275285.0,260412.9375,237844.921875,273216.90625
1771506936.9174855,Concentrated,261751.8125,260504.3125,318655.4375,290568.75,275279.4375,260407.9375,237836.25,273212.625
1771506936.9174855,Concentrated,261756.640625,260508.4375,318658.03125,290574.84375,275281.875,260409.640625,237836.78125,273213.0625
1771506936.9538376,Concentrated,261758.25,260510.9375,318660.6875,290575.09375,275281.6875,260408.46875,237839.65625,273212.0
1771506936.9538376,Concentrated,261756.734375,260510.046875,318660.0,290570.8125,275280.25,260406.234375,237840.359375,273211.28125
1771506936.9538376,Concentrated,261757.8125,260508.078125,318662.65625,290571.96875,275278.46875,260405.796875,237836.78125,273208.78125
1771506936.9538376,Concentrated,261757.09375,260504.765625,318661.0625,290569.21875,275276.59375,260406.234375,237832.765625,273211.09375
1771506936.9538376,Concentrated,261752.890625,260499.3125,318648.625,290563.5625,275274.53125,260403.640625,237830.53125,273214.875
1771506936.9538376,Concentrated,261752.0,260499.21875,318650.34375,290567.875,275273.8125,260403.46875,237832.140625,273213.0
1771506936.9538376,Concentrated,261747.609375,260496.09375,318644.53125,290562.59375,275270.25,260400.078125,237829.90625,273212.53125
1771506936.9538376,Concentrated,261747.609375,260496.09375,318643.71875,290558.84375,275272.125,260401.140625,237829.1875,273215.9375
1771506936.9538376,Concentrated,261748.15625,260495.28125,318641.21875,290562.6875,275274.09375,260401.859375,237828.390625,273216.84375
1771506936.9781556,Concentrated,261744.125,260492.421875,318632.28125,290560.71875,275271.5,260398.1875,237824.71875,273212.71875
1771506936.9781556,Concentrated,261741.4375,260493.328125,318623.96875,290559.5625,275272.375,260398.640625,237826.859375,273211.28125
1771506936.9781556,Concentrated,261737.953125,260491.171875,318623.5,290546.40625,275271.65625,260398.109375,237825.609375,273210.21875
1771506936.9781556,Concentrated,261736.703125,260491.265625,318623.15625,290545.6875,275271.21875,260399.171875,237823.109375,273211.03125
1771506936.9781556,Concentrated,261742.609375,260494.65625,318625.90625,290554.09375,275276.3125,260404.546875,237826.234375,273216.84375
1771506936.9781556,Concentrated,261748.421875,260500.5625,318633.34375,290565.8125,275282.84375,260410.265625,237832.9375,273220.9375
1771506936.9781556,Concentrated,261743.59375,260496.359375,318633.6875,290554.4375,275279.71875,260406.15625,237831.515625,273214.875
1771506936.9969478,Concentrated,261742.34375,260496.359375,318637.1875,290542.125,275279.625,260406.59375,237830.53125,273213.78125
1771506936.9969478,Concentrated,261745.203125,260498.6875,318632.90625,290547.375,275279.34375,260406.5,237830.53125,273215.125
1771506937.0443654,Concentrated,261746.8125,260500.203125,318630.21875,290549.71875,275279.28125,260405.078125,237829.71875,273216.28125
1771506937.0443654,Concentrated,261748.421875,260505.03125,318635.125,290551.78125,275281.40625,260406.15625,237832.5,273215.75
1771506937.0443654,Concentrated,261749.9375,260507.0,318634.25,290553.125,275281.25,260405.875,237834.734375,273214.40625
1771506937.0443654,Concentrated,261749.578125,260503.6875,318630.75,290549.0,275277.65625,260402.3125,237834.546875,273211.5625
1771506937.0443654,Concentrated,261746.546875,260498.59375,318625.5625,290553.28125,275274.96875,260398.46875,237832.5,273209.3125
1771506937.0443654,Concentrated,261746.453125,260496.1875,318629.125,290552.125,275277.5625,260401.328125,237831.6875,273213.0
1771506937.0443654,Concentrated,261744.03125,260493.765625,318630.65625,290542.21875,275278.28125,260404.546875,237830.4375,273215.3125
1771506937.0443654,Concentrated,261746.546875,260494.484375,318627.34375,290541.5,275277.40625,260404.71875,237832.9375,273212.8125
1771506937.0443654,Concentrated,261752.4375,260500.5625,318631.5625,290557.3125,275282.21875,260409.09375,237840.71875,273215.125
1771506937.0443654,Concentrated,261747.796875,260495.015625,318623.0625,290542.84375,275278.1875,260406.5,237834.640625,273215.5
1771506937.076315,Concentrated,261751.546875,260494.21875,318622.6875,290539.15625,275277.9375,260406.421875,237831.78125,273218.25
1771506937.076315,Concentrated,261757.09375,260496.71875,318624.21875,290543.46875,275278.03125,260406.6875,237833.390625,273221.125
1771506937.076315,Concentrated,261758.96875,260496.890625,318629.40625,290537.46875,275276.21875,260406.328125,237833.125,273219.25
1771506937.076315,Concentrated,261764.6875,260498.5,318626.28125,290547.3125,275276.0625,260403.921875,237835.453125,273214.6875
1771506937.076315,Concentrated,261765.046875,260495.015625,318623.5,290538.375,275275.25,260403.921875,237833.65625,273216.21875
1771506937.076315,Concentrated,261772.640625,260499.578125,318625.125,290548.0,275279.90625,260408.03125,237836.703125,273217.09375
1771506937.076315,Concentrated,261780.6875,260503.875,318625.65625,290548.8125,275283.375,260409.453125,237839.296875,273218.15625
1771506937.076315,Concentrated,261788.828125,260510.046875,318634.6875,290552.125,275285.09375,260411.15625,237843.21875,273216.21875
1771506937.076315,Concentrated,261796.25,260514.78125,318637.90625,290561.875,275285.71875,260412.3125,237846.359375,273213.4375
1771506937.076315,Concentrated,261798.9375,260514.25,318630.125,290555.71875,275285.34375,260410.265625,237844.5625,273211.90625
1771506937.076315,Concentrated,261806.53125,260520.953125,318629.59375,290562.59375,275292.875,260415.8125,237849.21875,273219.15625
1771506937.076315,Concentrated,261817.0,260526.9375,318635.40625,290575.46875,275298.75,260421.34375,237855.296875,273219.59375
1771506937.076315,Concentrated,261819.765625,260524.4375,318636.5625,290566.4375,275297.40625,260421.265625,237857.078125,273219.5
1771506937.1038117,Concentrated,261821.1875,260522.203125,318637.1875,290562.78125,275294.125,260420.8125,237856.453125,273219.78125
1771506937.1038117,Concentrated,261822.984375,260518.0,318631.71875,290560.71875,275288.5625,260417.328125,237851.0,273219.4375
1771506937.1038117,Concentrated,261823.78125,260517.015625,318630.03125,290558.84375,275286.875,260416.078125,237846.796875,273219.15625
1771506937.1038117,Concentrated,261829.0625,260522.015625,318636.8125,290565.0,275288.46875,260418.3125,237847.421875,273220.21875
1771506937.1038117,Concentrated,261828.609375,260520.59375,318630.21875,290555.09375,275284.28125,260414.46875,237844.65625,273219.96875
1771506937.1038117,Concentrated,261827.71875,260525.78125,318631.5625,290551.5,275287.125,260417.328125,237846.0,273221.03125
1771506937.1038117,Concentrated,261821.109375,260525.328125,318625.21875,290555.25,275286.25,260415.453125,237842.78125,273216.84375
1771506937.1350975,Concentrated,261821.734375,260528.375,318627.625,290564.90625,275292.40625,260421.796875,237847.421875,273223.1875
1771506937.1350975,Concentrated,261814.671875,260524.609375,318628.96875,290558.03125,275291.53125,260421.890625,237846.984375,273221.125
1771506937.1350975,Concentrated,261804.03125,260515.671875,318620.65625,290544.25,275285.71875,260414.46875,237843.578125,273218.0
1771506937.1350975,Concentrated,261797.40625,260511.46875,318613.3125,290541.125,275284.0,260411.15625,237844.484375,273218.625
1771506937.1350975,Concentrated,261793.125,260509.859375,318614.84375,290541.3125,275282.3125,260410.796875,237841.078125,273216.75
1771506937.1350975,Concentrated,261791.328125,260507.890625,318610.53125,290536.125,275282.5625,260410.625,237840.0,273218.0
1771506937.157565,Concentrated,261794.28125,260510.484375,318607.59375,290541.65625,275284.375,260410.796875,237842.78125,273221.75
1771506937.157565,Concentrated,261789.71875,260508.078125,318603.84375,290537.46875,275280.0,260405.34375,237840.8125,273214.875
1771506937.157565,Concentrated,261783.28125,260503.78125,318597.21875,290523.6875,275274.1875,260401.328125,237835.71875,273207.53125
1771506937.157565,Concentrated,261782.75,260503.15625,318594.0,290530.3125,275274.96875,260401.328125,237837.0625,273210.21875
1771506937.157565,Concentrated,261780.25,260497.609375,318586.65625,290523.15625,275271.84375,260396.046875,237831.78125,273212.09375
1771506937.157565,Concentrated,261773.625,260491.4375,318580.40625,290514.9375,275267.8125,260391.21875,237826.421875,273212.625
1771506937.157565,Concentrated,261775.421875,260494.84375,318586.40625,290519.125,275268.09375,260390.140625,237828.46875,273207.625
1771506937.157565,Concentrated,261771.390625,260492.34375,318580.59375,290513.15625,275266.75,260388.890625,237829.09375,273204.84375
1771506937.157565,Concentrated,261766.75,260488.9375,318578.34375,290510.8125,275264.875,260389.515625,237824.0,273199.84375
1771506937.1799836,Concentrated,261768.0,260490.90625,318579.6875,290514.9375,275266.5,260392.921875,237821.953125,273200.125
1771506937.1799836,Concentrated,261772.109375,260496.546875,318587.75,290520.03125,275272.28125,260398.375,237826.5,273201.4375
1771506937.1799836,Concentrated,261768.984375,260495.203125,318589.09375,290514.40625,275271.03125,260398.8125,237827.125,273200.375
1771506937.1799836,Concentrated,261768.265625,260496.625,318589.71875,290523.34375,275271.5,260400.421875,237829.90625,273200.5625
1771506937.207576,Concentrated,261766.921875,260496.8125,318587.84375,290514.40625,275271.84375,260400.15625,237829.1875,273199.84375
1771506937.207576,Concentrated,261763.609375,260494.390625,318584.53125,290504.84375,275274.1875,260400.78125,237828.734375,273204.59375
1771506937.207576,Concentrated,261763.890625,260496.984375,318582.46875,290511.90625,275278.1875,260403.5625,237831.875,273208.96875
1771506937.207576,Concentrated,261760.046875,260497.609375,318579.0625,290509.5625,275278.375,260403.203125,237833.390625,273209.40625
1771506937.207576,Concentrated,261753.953125,260494.75,318576.125,290510.65625,275276.40625,260399.359375,237832.765625,273205.03125
1771506937.207576,Concentrated,261752.703125,260493.953125,318571.90625,290507.78125,275277.84375,260399.71875,237833.125,273207.09375
1771506937.207576,Concentrated,261749.484375,260491.0,318563.25,290495.71875,275279.71875,260399.09375,237831.328125,273213.6875
1771506937.2500618,Concentrated,261748.421875,260493.59375,318564.0625,290499.375,275282.125,260401.953125,237834.28125,273214.78125
1771506937.2500618,Concentrated,261748.6875,260495.828125,318566.65625,290500.625,275280.96875,260402.578125,237836.34375,273210.65625
1771506937.2500618,Concentrated,261748.15625,260496.625,318564.59375,290501.6875,275279.90625,260401.5,237838.484375,273208.875
1771506937.2500618,Concentrated,261743.328125,260491.984375,318557.4375,290496.25,275276.125,260398.640625,237833.03125,273209.125
1771506937.2500618,Concentrated,261745.734375,260493.140625,318559.3125,290493.375,275278.65625,260401.859375,237831.609375,273217.09375
1771506937.2500618,Concentrated,261750.390625,260496.359375,318561.8125,290497.0625,275280.0,260402.484375,237832.5,273215.125
1771506937.2500618,Concentrated,261751.8125,260496.8125,318561.8125,290508.6875,275277.40625,260399.0,237833.125,273211.375
1771506937.2500618,Concentrated,261745.109375,260489.296875,318558.96875,290482.84375,275270.15625,260393.0,237826.15625,273208.34375
1771506937.2500618,Concentrated,261746.1875,260486.53125,318547.5,290480.6875,275268.90625,260392.203125,237824.0,273210.84375
1771506937.2500618,Concentrated,261748.5,260486.171875,318547.5,290485.78125,275269.15625,260392.03125,237821.5,273211.46875
1771506937.2830582,Concentrated,261749.578125,260487.15625,318546.0,290488.65625,275268.8125,260389.78125,237820.421875,273210.125
1771506937.2830582,Concentrated,261747.96875,260488.21875,318543.65625,290487.84375,275266.5,260387.28125,237821.328125,273204.40625
1771506937.2830582,Concentrated,261749.765625,260489.828125,318547.5,290475.59375,275265.3125,260389.34375,237820.6875,273203.6875
1771506937.2830582,Concentrated,261751.8125,260492.15625,318549.03125,290481.6875,275267.03125,260390.765625,237822.484375,273208.875
1771506937.2830582,Concentrated,261751.71875,260491.359375,318544.125,290487.125,275265.6875,260386.21875,237818.375,273207.0
1771506937.2830582,Concentrated,261752.796875,260493.671875,318548.21875,290496.25,275267.1875,260388.09375,237821.046875,273209.6875
1771506937.2830582,Concentrated,261749.671875,260489.125,318542.40625,290476.75,275263.90625,260387.203125,237818.8125,273206.375
1771506937.2830582,Concentrated,261750.390625,260489.65625,318541.6875,290475.875,275264.6875,260389.25,237820.15625,273210.03125
1771506937.3055923,Concentrated,261749.3125,260488.046875,318541.6875,290474.78125,275264.25,260390.234375,237818.8125,273207.34375
1771506937.3055923,Concentrated,261749.046875,260486.4375,318541.53125,290473.53125,275265.6875,260391.484375,237817.828125,273208.875
1771506937.3055923,Concentrated,261750.828125,260490.28125,318540.625,290476.65625,275269.875,260393.546875,237822.578125,273211.90625
1771506937.3055923,Concentrated,261751.375,260496.890625,318544.03125,290480.0625,275273.46875,260397.484375,237827.40625,273209.6875
1771506937.3055923,Concentrated,261749.578125,260499.671875,318546.0,290479.34375,275275.25,260400.875,237831.328125,273209.0625
1771506937.3293478,Concentrated,261747.875,260499.671875,318544.65625,290475.40625,275278.90625,260404.1875,237834.640625,273216.21875
1771506937.3293478,Concentrated,261747.875,260499.84375,318538.21875,290481.40625,275278.8125,260402.65625,237832.5,273215.3125
1771506937.3293478,Concentrated,261749.9375,260501.375,318538.84375,290477.46875,275278.65625,260403.296875,237831.78125,273213.625
1771506937.3293478,Concentrated,261751.375,260503.515625,318537.5,290474.0625,275278.5625,260402.578125,237834.546875,273211.375
1771506937.3293478,Concentrated,261746.890625,260501.015625,318538.125,290472.03125,275274.875,260400.15625,237832.9375,273206.375
1771506937.3293478,Concentrated,261746.453125,260499.140625,318533.28125,290476.03125,275273.90625,260399.0,237831.6875,273205.03125
1771506937.3293478,Concentrated,261746.890625,260496.1875,318527.84375,290466.5625,275273.71875,260398.375,237827.765625,273207.71875
1771506937.349471,Concentrated,261749.9375,260495.5625,318530.25,290463.96875,275272.5625,260396.578125,237825.515625,273208.34375
1771506937.349471,Concentrated,261751.28125,260495.28125,318527.75,290465.21875,275272.125,260394.796875,237827.046875,273208.4375
1771506937.349471,Concentrated,261752.703125,260498.5,318531.40625,290467.28125,275273.71875,260398.28125,237829.640625,273209.9375
1771506937.349471,Concentrated,261756.640625,260501.640625,318533.03125,290476.5,275276.84375,260403.015625,237831.953125,273213.625
1771506937.3768232,Concentrated,261749.84375,260492.96875,318526.0625,290460.40625,275269.625,260396.3125,237820.421875,273210.65625
1771506937.3768232,Concentrated,261744.484375,260486.53125,318515.3125,290452.8125,275263.90625,260391.390625,237813.546875,273209.6875
1771506937.3768232,Concentrated,261746.1875,260490.1875,318517.125,290466.65625,275264.0625,260392.5625,237818.8125,273207.09375
1771506937.3768232,Concentrated,261745.375,260491.625,318513.8125,290462.8125,275263.8125,260391.046875,237822.84375,273205.65625
1771506937.3768232,Concentrated,261742.875,260489.75,318508.4375,290461.90625,275262.28125,260388.265625,237820.609375,273205.65625
1771506937.3768232,Concentrated,261743.046875,260489.296875,318508.34375,290457.4375,275263.53125,260389.4375,237818.546875,273206.09375
1771506937.3768232,Concentrated,261742.15625,260487.78125,318507.28125,290446.0,275263.09375,260390.328125,237817.46875,273205.28125
1771506937.3768232,Concentrated,261743.953125,260491.09375,318509.34375,290452.8125,275263.90625,260390.859375,237822.21875,273203.25
1771506937.4018016,Concentrated,261741.53125,260488.3125,318507.90625,290452.71875,275260.9375,260386.65625,237822.03125,273200.28125
1771506937.4018016,Concentrated,261740.109375,260485.453125,318508.4375,290446.90625,275260.5,260388.359375,237818.8125,273202.34375
1771506937.4018016,Concentrated,261744.125,260487.6875,318511.3125,290444.84375,275263.0,260391.390625,237817.296875,273202.96875
1771506937.4018016,Concentrated,261752.078125,260494.03125,318517.75,290452.25,275267.375,260396.046875,237820.6875,273205.28125
1771506937.4018016,Concentrated,261752.34375,260496.1875,318518.0,290452.8125,275266.5625,260396.140625,237821.328125,273202.4375
1771506937.4018016,Concentrated,261757.890625,260504.59375,318528.09375,290461.5625,275271.21875,260401.40625,237826.953125,273201.71875
1771506937.4018016,Concentrated,261756.640625,260502.796875,318523.1875,290453.15625,275271.21875,260401.40625,237826.421875,273203.0625
1771506937.4193797,Concentrated,261755.296875,260500.65625,318514.0625,290444.3125,275270.15625,260400.15625,237822.390625,273203.6875
1771506937.4193797,Concentrated,261754.671875,260499.765625,318510.6875,290447.625,275270.15625,260398.1875,237821.5,273206.5625
1771506937.4193797,Concentrated,261755.484375,260503.25,318514.53125,290451.375,275272.21875,260401.046875,237825.4375,273205.21875
1771506937.444406,Concentrated,261751.09375,260503.15625,318517.125,290446.4375,275272.46875,260401.40625,237826.234375,273205.21875
1771506937.444406,Concentrated,261750.390625,260503.875,318516.75,290443.40625,275274.96875,260404.09375,237826.78125,273208.6875
1771506937.444406,Concentrated,261756.46875,260509.859375,318517.28125,290451.625,275282.5625,260413.390625,237829.8125,273214.15625
1771506937.444406,Concentrated,261759.328125,260512.546875,318517.5625,290445.65625,275285.09375,260415.53125,237829.015625,273215.75
1771506937.444406,Concentrated,261757.890625,260513.265625,318516.125,290446.53125,275283.375,260412.40625,237830.703125,273215.5
1771506937.4693613,Concentrated,261754.3125,260510.84375,318515.875,290441.25,275281.25,260409.546875,237832.140625,273211.03125
1771506937.4693613,Concentrated,261755.125,260508.96875,318517.375,290441.25,275281.9375,260409.09375,237832.046875,273209.0625
1771506937.4693613,Concentrated,261766.5625,260517.015625,318522.9375,290460.125,275287.40625,260415.53125,237836.15625,273211.5625
1771506937.4693613,Concentrated,261763.171875,260512.09375,318518.90625,290444.40625,275283.03125,260411.0625,237831.609375,273208.4375
1771506937.4693613,Concentrated,261759.59375,260507.0,318513.34375,290437.5,275277.21875,260403.5625,237830.078125,273204.40625
1771506937.4693613,Concentrated,261757.890625,260503.328125,318505.75,290439.03125,275271.65625,260397.296875,237829.015625,273198.78125
1771506937.4693613,Concentrated,261759.859375,260504.765625,318502.4375,290443.5,275271.75,260397.203125,237830.265625,273199.65625
1771506937.4937677,Concentrated,261760.671875,260503.96875,318499.5,290440.90625,275272.75,260398.8125,237828.296875,273202.625
1771506937.4937677,Concentrated,261758.703125,260501.28125,318495.75,290437.875,275270.96875,260397.65625,237826.328125,273201.625
1771506937.4937677,Concentrated,261750.203125,260496.546875,318491.4375,290436.625,275266.5,260393.8125,237824.71875,273200.28125
1771506937.4937677,Concentrated,261749.125,260500.65625,318497.09375,290453.15625,275267.8125,260397.75,237829.09375,273198.59375
1771506937.4937677,Concentrated,261745.015625,260498.328125,318497.0,290430.34375,275269.0,260401.234375,237827.125,273200.375
1771506937.4937677,Concentrated,261743.234375,260496.453125,318493.25,290415.875,275270.96875,260404.890625,237822.390625,273205.21875
1771506937.4937677,Concentrated,261745.109375,260502.703125,318501.09375,290425.09375,275277.40625,260412.859375,237826.859375,273212.4375
1771506937.4937677,Concentrated,261745.5625,260507.453125,318507.0,290429.1875,275280.15625,260415.71875,237831.875,273215.125
1771506937.4937677,Concentrated,261741.890625,260506.734375,318503.25,290425.71875,275278.65625,260412.9375,237830.96875,273213.78125
1771506937.5350153,Concentrated,261740.8125,260508.875,318504.3125,290429.0,275281.40625,260414.28125,237833.21875,273218.4375
1771506937.5350153,Concentrated,261742.34375,260507.71875,318497.4375,290426.6875,275282.3125,260412.59375,237831.515625,273219.96875
1771506937.5350153,Concentrated,261746.265625,260507.625,318497.96875,290422.3125,275281.78125,260412.3125,237829.546875,273216.375
1771506937.5350153,Concentrated,261746.1875,260507.71875,318495.75,290423.90625,275281.6875,260412.140625,237832.5,273215.03125
1771506937.5600219,Concentrated,261744.65625,260505.578125,318486.71875,290432.15625,275276.125,260403.5625,237833.21875,273206.90625
1771506937.5600219,Concentrated,261741.0,260500.75,318483.59375,290420.0625,275270.0625,260397.296875,237826.6875,273199.125
1771506937.5600219,Concentrated,261738.140625,260495.828125,318471.96875,290417.84375,275265.59375,260392.828125,237819.625,273194.46875
1771506937.5600219,Concentrated,261736.078125,260490.28125,318464.0,290413.1875,275261.375,260386.5625,237816.140625,273191.78125
1771506937.5600219,Concentrated,261738.578125,260492.875,318465.53125,290410.875,275262.625,260386.21875,237819.359375,273191.0
1771506937.5600219,Concentrated,261745.5625,260500.75,318472.84375,290418.5625,275267.03125,260391.484375,237825.34375,273194.46875
1771506937.5600219,Concentrated,261752.53125,260508.515625,318482.34375,290437.6875,275273.1875,260399.265625,237831.609375,273201.28125
1771506937.5600219,Concentrated,261753.15625,260509.421875,318481.25,290428.5625,275278.5625,260406.953125,237831.609375,273211.65625
1771506937.5600219,Concentrated,261763.34375,260519.34375,318488.9375,290431.0625,275290.625,260419.65625,237841.4375,273224.53125
1771506937.58562,Concentrated,261770.40625,260529.0,318497.4375,290447.0,275298.03125,260426.265625,237852.609375,273232.125
1771506937.58562,Concentrated,261768.796875,260527.5625,318499.59375,290431.15625,275296.0,260426.53125,237848.5,273233.5625
1771506937.58562,Concentrated,261763.796875,260522.46875,318492.4375,290422.9375,275292.21875,260423.671875,237843.84375,273234.34375
1771506937.58562,Concentrated,261753.609375,260512.09375,318478.5625,290413.46875,275284.53125,260417.953125,237832.671875,273231.125
1771506937.58562,Concentrated,261747.34375,260504.765625,318470.0,290408.09375,275277.40625,260410.265625,237826.15625,273223.8125
1771506937.58562,Concentrated,261737.859375,260497.34375,318461.3125,290404.59375,275269.625,260400.078125,237822.578125,273212.34375
1771506937.58562,Concentrated,261733.390625,260495.109375,318462.5,290399.59375,275267.46875,260398.546875,237821.59375,273204.125
1771506937.610623,Concentrated,261737.234375,260499.9375,318467.59375,290406.46875,275272.375,260402.21875,237824.984375,273207.0
1771506937.610623,Concentrated,261733.046875,260496.453125,318461.5,290395.5,275271.9375,260399.984375,237818.734375,273207.8125
1771506937.610623,Concentrated,261733.84375,260496.265625,318459.90625,290397.09375,275272.03125,260399.0,237817.65625,273205.03125
1771506937.610623,Concentrated,261733.390625,260496.453125,318460.59375,290397.53125,275271.40625,260398.8125,237819.359375,273202.78125
1771506937.610623,Concentrated,261735.28125,260501.546875,318465.625,290409.0,275275.96875,260404.265625,237825.875,273204.65625
1771506937.610623,Concentrated,261741.0,260507.890625,318470.8125,290416.125,275282.5625,260409.546875,237834.828125,273212.34375
1771506937.610623,Concentrated,261740.90625,260503.96875,318468.21875,290398.875,275280.15625,260406.78125,237828.390625,273211.71875
1771506937.610623,Concentrated,261741.171875,260502.625,318468.46875,290393.78125,275277.46875,260404.984375,237824.546875,273208.34375
1771506937.6363971,Concentrated,261742.15625,260501.90625,318466.6875,290394.25,275272.28125,260400.078125,237823.90625,273202.96875
1771506937.6363971,Concentrated,261741.0,260499.671875,318460.78125,290391.65625,275265.15625,260393.0,237819.078125,273197.6875
1771506937.6363971,Concentrated,261742.875,260501.90625,318458.71875,290396.46875,275263.4375,260392.03125,237818.015625,273195.375
1771506937.6363971,Concentrated,261742.609375,260501.015625,318455.78125,290392.8125,275263.34375,260392.296875,237816.140625,273196.8125
1771506937.6363971,Concentrated,261743.234375,260497.796875,318451.21875,290391.5625,275262.28125,260390.234375,237814.34375,273197.78125
1771506937.6363971,Concentrated,261744.03125,260497.34375,318449.4375,290398.875,275261.21875,260387.640625,237817.75,273196.34375
1771506937.6363971,Concentrated,261738.578125,260492.25,318443.4375,290384.40625,275256.03125,260381.03125,237814.96875,273191.53125
1771506937.6599593,Concentrated,261744.578125,260497.34375,318444.78125,290399.15625,275261.5625,260383.890625,237819.984375,273195.0
1771506937.6599593,Concentrated,261744.65625,260497.078125,318443.8125,290396.65625,275266.9375,260387.90625,237822.21875,273200.46875
1771506937.6599593,Concentrated,261745.109375,260498.0625,318442.09375,290399.5,275270.59375,260389.875,237825.609375,273200.28125
1771506937.6599593,Concentrated,261749.484375,260505.921875,318447.46875,290418.375,275277.21875,260395.953125,237834.734375,273203.875
1771506937.6599593,Concentrated,261740.546875,260498.953125,318441.125,290385.375,275270.40625,260390.6875,237827.3125,273196.8125
1771506937.6599593,Concentrated,261736.078125,260495.015625,318435.125,290376.09375,275267.75,260388.984375,237823.734375,273197.59375
1771506937.6837533,Concentrated,261739.5625,260498.5,318438.15625,290386.0,275272.125,260395.25,237826.234375,273201.71875
1771506937.6837533,Concentrated,261742.96875,260502.265625,318445.40625,290389.5,275274.53125,260401.328125,237826.953125,273202.4375
1771506937.6837533,Concentrated,261741.71875,260501.90625,318444.0625,290389.40625,275272.75,260400.875,237827.671875,273203.6875
1771506937.6837533,Concentrated,261743.234375,260502.796875,318444.59375,290392.4375,275272.75,260401.328125,237831.609375,273206.375
1771506937.7087677,Concentrated,261741.890625,260500.5625,318451.125,290378.84375,275272.28125,260404.1875,237827.84375,273206.625
1771506937.7087677,Concentrated,261745.90625,260501.453125,318451.03125,290381.53125,275272.5625,260406.421875,237824.71875,273207.0
1771506937.7087677,Concentrated,261748.15625,260502.890625,318446.75,290387.875,275273.0,260407.765625,237823.828125,273206.09375
1771506937.7087677,Concentrated,261745.828125,260503.515625,318444.34375,290390.3125,275273.90625,260406.15625,237828.46875,273205.84375
1771506937.7087677,Concentrated,261738.5,260498.953125,318439.6875,290372.40625,275268.71875,260401.140625,237825.515625,273200.375
1771506937.7325566,Concentrated,261741.078125,260501.640625,318436.90625,290378.0625,275271.21875,260401.5,237828.203125,273203.0625
1771506937.7325566,Concentrated,261741.359375,260500.109375,318432.90625,290379.9375,275273.71875,260401.234375,237828.921875,273207.25
1771506937.7325566,Concentrated,261741.359375,260499.671875,318433.59375,290376.53125,275272.5625,260400.875,237826.421875,273203.96875
1771506937.7325566,Concentrated,261742.421875,260503.15625,318438.0,290389.3125,275273.5625,260401.6875,237831.25,273205.75
1771506937.7325566,Concentrated,261744.21875,260506.640625,318440.5,290387.875,275275.34375,260402.390625,237835.625,273206.1875
1771506937.7325566,Concentrated,261741.890625,260502.53125,318433.53125,290369.46875,275271.65625,260398.546875,237831.15625,273200.8125
1771506937.7325566,Concentrated,261743.5,260504.59375,318433.15625,290376.34375,275274.71875,260400.78125,237831.78125,273203.5
1771506937.7325566,Concentrated,261752.265625,260509.953125,318441.125,290388.4375,275279.28125,260406.5,237835.796875,273203.875
1771506937.754997,Concentrated,261750.921875,260507.53125,318433.53125,290383.96875,275276.6875,260404.625,237836.15625,273203.96875
1771506937.754997,Concentrated,261748.5,260506.203125,318427.71875,290385.125,275274.96875,260403.296875,237836.78125,273202.34375
1771506937.754997,Concentrated,261749.671875,260507.1875,318429.125,290385.65625,275278.5625,260405.96875,237839.375,273206.5625
1771506937.754997,Concentrated,261743.40625,260500.921875,318423.5,290373.59375,275277.21875,260404.71875,237833.921875,273209.78125
1771506937.754997,Concentrated,261742.78125,260500.75,318422.15625,290379.40625,275278.375,260407.046875,237832.765625,273210.84375
1771506937.754997,Concentrated,261738.9375,260497.796875,318421.96875,290371.625,275275.15625,260403.5625,237831.875,273210.3125
1771506937.754997,Concentrated,261733.21875,260493.328125,318419.75,290362.9375,275269.875,260399.625,237827.21875,273205.84375
1771506937.754997,Concentrated,261732.59375,260490.453125,318419.375,290362.6875,275267.90625,260398.90625,237823.28125,273204.5
1771506937.7800283,Concentrated,261733.484375,260489.296875,318417.0625,290363.84375,275268.375,260399.265625,237822.65625,273207.34375
1771506937.7800283,Concentrated,261734.375,260489.75,318415.46875,290367.875,275267.90625,260400.15625,237821.953125,273207.71875
1771506937.7800283,Concentrated,261730.71875,260487.515625,318415.375,290371.625,275263.34375,260395.328125,237820.96875,273203.0625
1771506937.7800283,Concentrated,261727.40625,260482.859375,318416.8125,290347.375,275258.25,260392.734375,237816.40625,273201.4375
1771506937.7800283,Concentrated,261726.0625,260479.546875,318409.03125,290349.0,275255.5625,260390.59375,237815.0625,273202.4375
1771506937.8037312,Concentrated,261726.25,260477.9375,318401.59375,290347.375,275255.125,260391.578125,237812.640625,273205.03125
1771506937.8037312,Concentrated,261720.796875,260472.484375,318392.46875,290341.5,275249.59375,260385.671875,237807.1875,273201.4375
1771506937.8037312,Concentrated,261724.015625,260473.109375,318392.125,290342.1875,275245.28125,260381.65625,237806.296875,273197.25
1771506937.8037312,Concentrated,261728.296875,260476.6875,318393.71875,290345.34375,275242.34375,260379.859375,237806.296875,273193.40625
1771506937.8037312,Concentrated,261727.5,260475.890625,318391.3125,290341.40625,275238.3125,260376.90625,237802.09375,273188.9375
1771506937.8037312,Concentrated,261727.671875,260473.46875,318389.625,290337.65625,275238.21875,260376.015625,237799.421875,273191.09375
1771506937.8536909,Concentrated,261733.84375,260479.28125,318395.4375,290341.40625,275246.1875,260380.484375,237805.234375,273193.59375
1771506937.8536909,Concentrated,261740.453125,260486.171875,318400.25,290352.5625,275251.90625,260384.0625,237812.375,273196.28125
1771506937.8536909,Concentrated,261734.921875,260483.484375,318397.3125,290347.9375,275248.34375,260379.953125,237811.9375,273189.84375
1771506937.8536909,Concentrated,261735.1875,260483.75,318396.15625,290344.4375,275250.21875,260380.765625,237812.828125,273187.40625
1771506937.8536909,Concentrated,261740.28125,260487.515625,318398.46875,290353.1875,275256.46875,260386.65625,237816.40625,273192.5
1771506937.8536909,Concentrated,261747.25,260492.875,318401.25,290355.53125,275263.8125,260391.75,237823.828125,273199.21875
1771506937.8536909,Concentrated,261747.4375,260494.3125,318397.84375,290364.90625,275264.0625,260389.875,237824.71875,273195.375
1771506937.8781276,Concentrated,261737.6875,260484.828125,318386.65625,290338.34375,275255.65625,260382.71875,237817.296875,273189.125
1771506937.8781276,Concentrated,261733.671875,260481.25,318380.40625,290335.125,275252.90625,260379.15625,237816.40625,273189.75
1771506937.8781276,Concentrated,261740.109375,260484.734375,318384.78125,290337.1875,275257.71875,260384.421875,237817.03125,273196.34375
1771506937.8781276,Concentrated,261748.15625,260491.09375,318392.84375,290345.0625,275262.90625,260388.8125,237820.0625,273195.8125
1771506937.8781276,Concentrated,261745.90625,260491.359375,318386.75,290345.0625,275262.0,260387.375,237822.75,273189.125
1771506937.8781276,Concentrated,261740.546875,260489.125,318385.6875,290341.5625,275260.40625,260387.28125,237822.484375,273186.78125
1771506937.8781276,Concentrated,261739.296875,260490.109375,318387.28125,290344.96875,275265.3125,260392.46875,237825.34375,273192.25
1771506937.8781276,Concentrated,261739.921875,260490.109375,318387.75,290342.375,275269.34375,260395.59375,237825.4375,273197.59375
1771506937.8781276,Concentrated,261740.8125,260493.046875,318397.3125,290341.03125,275274.625,260402.84375,237826.78125,273202.71875
1771506937.8781276,Concentrated,261740.109375,260494.75,318396.40625,290347.46875,275276.84375,260405.703125,237830.703125,273205.46875
1771506937.9063454,Concentrated,261727.671875,260484.921875,318385.6875,290326.1875,275267.03125,260398.46875,237823.109375,273199.9375
1771506937.9063454,Concentrated,261723.390625,260481.078125,318381.3125,290322.09375,275261.125,260394.4375,237817.296875,273196.4375
1771506937.9063454,Concentrated,261727.9375,260483.84375,318378.71875,290328.0,275260.5,260394.4375,237815.6875,273197.875
1771506937.9063454,Concentrated,261732.140625,260485.546875,318378.1875,290335.3125,275257.0,260392.375,237813.453125,273198.9375
1771506937.9063454,Concentrated,261735.09375,260486.796875,318379.4375,290332.8125,275252.4375,260389.15625,237813.453125,273194.03125
1771506937.9063454,Concentrated,261734.203125,260483.75,318377.375,290317.78125,275245.46875,260384.609375,237808.53125,273186.6875
1771506937.9063454,Concentrated,261734.109375,260481.78125,318376.65625,290319.5,275240.8125,260382.015625,237804.515625,273177.59375
1771506937.9063454,Concentrated,261733.671875,260477.234375,318371.75,290318.34375,275237.15625,260377.984375,237798.515625,273179.71875
1771506937.928181,Concentrated,261740.28125,260480.453125,318374.15625,290323.5,275240.8125,260380.046875,237801.203125,273184.09375
1771506937.928181,Concentrated,261739.75,260482.59375,318373.4375,290323.5,275240.8125,260378.4375,237802.984375,273180.4375
1771506937.928181,Concentrated,261739.03125,260485.640625,318374.78125,290321.46875,275242.34375,260378.609375,237805.765625,273176.59375
1771506937.928181,Concentrated,261745.5625,260493.765625,318380.3125,290331.5625,275249.59375,260383.625,237811.671875,273175.34375
1771506937.928181,Concentrated,261754.59375,260504.3125,318389.4375,290346.21875,275261.375,260392.296875,237818.375,273181.5
1771506937.9543655,Concentrated,261749.9375,260500.296875,318381.9375,290340.21875,275264.25,260392.375,237818.90625,273185.34375
1771506937.9543655,Concentrated,261750.5625,260501.28125,318383.28125,290329.875,275267.28125,260395.328125,237820.609375,273185.96875
1771506937.9543655,Concentrated,261745.734375,260498.328125,318380.78125,290321.71875,275264.96875,260393.546875,237818.28125,273182.84375
1771506937.9543655,Concentrated,261742.0625,260494.65625,318373.4375,290321.09375,275264.25,260391.125,237817.828125,273183.9375
1771506937.9543655,Concentrated,261737.15625,260489.484375,318364.75,290318.6875,275262.09375,260388.53125,237814.703125,273184.90625
1771506937.9543655,Concentrated,261734.015625,260486.609375,318360.75,290318.40625,275261.5625,260388.359375,237812.921875,273186.0625
1771506937.9543655,Concentrated,261736.609375,260489.828125,318361.53125,290334.4375,275262.71875,260388.984375,237817.828125,273186.96875
1771506937.9781022,Concentrated,261729.640625,260482.765625,318355.5625,290306.78125,275255.65625,260383.0,237812.015625,273185.09375
1771506937.9781022,Concentrated,261727.859375,260481.34375,318354.21875,290301.53125,275255.65625,260384.25,237811.390625,273186.875
1771506937.9781022,Concentrated,261730.53125,260483.3125,318356.53125,290310.1875,275257.375,260387.109375,237811.9375,273187.5
1771506937.9781022,Concentrated,261733.21875,260484.203125,318359.75,290307.6875,275257.90625,260388.265625,237811.3125,273189.125
1771506937.9781022,Concentrated,261736.609375,260487.0625,318357.96875,290306.34375,275259.25,260390.5,237812.015625,273190.46875
1771506937.9781022,Concentrated,261740.546875,260493.59375,318361.09375,290314.3125,275262.90625,260394.171875,237818.1875,273192.34375
1771506937.9998834,Concentrated,261747.25,260500.03125,318363.15625,290319.9375,275266.9375,260398.8125,237822.390625,273196.4375
1771506937.9998834,Concentrated,261750.828125,260503.25,318362.34375,290324.21875,275269.25,260400.421875,237823.109375,273199.9375
1771506937.9998834,Concentrated,261754.046875,260504.59375,318363.15625,290325.21875,275268.71875,260400.78125,237823.28125,273194.375
1771506937.9998834,Concentrated,261749.3125,260500.921875,318361.90625,290313.9375,275263.09375,260396.5,237819.53125,273191.625
1771506937.9998834,Concentrated,261741.4375,260493.046875,318356.71875,290305.1875,275254.40625,260388.0,237815.0625,273186.34375
1771506937.9998834,Concentrated,261738.84375,260489.203125,318354.40625,290304.28125,275248.78125,260384.328125,237811.3125,273183.125
1771506938.0225072,Concentrated,261738.140625,260487.15625,318349.375,290310.90625,275245.90625,260382.375,237808.09375,273184.09375
1771506938.0225072,Concentrated,261738.140625,260486.171875,318344.46875,290318.0625,275244.125,260380.21875,237805.765625,273181.59375
1771506938.0225072,Concentrated,261734.109375,260480.8125,318345.53125,290286.21875,275239.21875,260377.09375,237800.9375,273177.21875
1771506938.0225072,Concentrated,261732.953125,260480.984375,318345.09375,290292.3125,275237.875,260374.671875,237803.625,273172.125
1771506938.0225072,Concentrated,261735.28125,260486.34375,318343.65625,290299.1875,275244.3125,260378.078125,237808.984375,273175.78125
1771506938.0415242,Concentrated,261735.1875,260487.15625,318341.25,290299.90625,275250.65625,260380.21875,237811.03125,273178.90625
1771506938.0415242,Concentrated,261731.703125,260486.609375,318339.375,290296.5,275256.84375,260381.65625,237813.984375,273183.75
1771506938.0415242,Concentrated,261730.09375,260492.0625,318343.65625,290302.6875,275263.34375,260388.265625,237820.875,273185.0
1771506938.0415242,Concentrated,261727.671875,260496.984375,318346.4375,290303.40625,275267.1875,260392.828125,237826.6875,273183.3125
1771506938.0656557,Concentrated,261729.015625,260502.078125,318348.3125,290306.0,275272.75,260398.734375,237830.078125,273186.78125
1771506938.0656557,Concentrated,261730.171875,260502.796875,318348.40625,290299.90625,275276.78125,260403.5625,237828.65625,273194.21875
1771506938.0656557,Concentrated,261734.109375,260505.21875,318349.90625,290303.9375,275279.625,260407.484375,237829.09375,273197.875
1771506938.0656557,Concentrated,261737.78125,260507.53125,318353.59375,290306.15625,275280.78125,260409.375,237830.625,273197.6875
1771506938.0656557,Concentrated,261740.109375,260510.671875,318357.25,290307.96875,275280.0,260410.625,237833.21875,273196.96875
1771506938.0656557,Concentrated,261740.015625,260511.46875,318354.40625,290304.84375,275277.46875,260409.546875,237831.15625,273197.4375
1771506938.0901487,Concentrated,261740.90625,260511.296875,318352.25,290302.15625,275274.53125,260406.421875,237826.6875,273198.5
1771506938.0901487,Concentrated,261740.90625,260511.296875,318349.46875,290306.625,275272.75,260403.296875,237824.265625,273201.4375
1771506938.0901487,Concentrated,261738.5,260505.578125,318341.96875,290302.9375,275267.46875,260398.1875,237821.859375,273193.6875
1771506938.0901487,Concentrated,261735.28125,260500.390625,318338.5625,290284.25,275264.34375,260395.328125,237819.984375,273191.15625
1771506938.0901487,Concentrated,261734.46875,260503.15625,318338.3125,290296.0625,275268.8125,260397.75,237825.34375,273195.0
1771506938.0901487,Concentrated,261726.953125,260496.453125,318329.28125,290283.90625,275268.4375,260396.40625,237821.234375,273196.34375
1771506938.0901487,Concentrated,261727.3125,260497.25,318326.21875,290287.3125,275272.75,260399.0,237822.578125,273196.34375
1771506938.1138148,Concentrated,261731.875,260505.03125,318334.1875,290306.34375,275278.71875,260404.453125,237832.046875,273200.125
1771506938.1138148,Concentrated,261731.609375,260505.484375,318334.53125,290300.90625,275277.46875,260403.296875,237833.484375,273196.625
1771506938.1138148,Concentrated,261727.671875,260497.875,318331.59375,290276.65625,275269.4375,260399.4375,237823.375,273189.75
1771506938.1138148,Concentrated,261731.875,260496.71875,318329.28125,290283.90625,275266.40625,260399.09375,237818.1875,273190.53125
1771506938.1138148,Concentrated,261729.828125,260491.171875,318316.46875,290284.53125,275262.90625,260393.453125,237814.53125,273193.9375
1771506938.1363428,Concentrated,261722.671875,260483.9375,318311.5625,290269.875,275255.5625,260388.53125,237809.25,273190.8125
1771506938.1363428,Concentrated,261724.015625,260484.921875,318312.28125,290273.34375,275253.4375,260387.015625,237811.84375,273188.40625
1771506938.1363428,Concentrated,261725.890625,260488.046875,318316.40625,290272.65625,275256.1875,260390.0625,237813.71875,273189.84375
1771506938.1363428,Concentrated,261730.265625,260492.703125,318322.75,290274.78125,275262.46875,260396.3125,237815.234375,273195.625
1771506938.1363428,Concentrated,261733.9375,260494.65625,318325.0625,290284.0,275266.5,260399.4375,237817.390625,273199.5625
1771506938.1363428,Concentrated,261731.15625,260491.625,318313.625,290285.34375,275264.6875,260394.53125,237819.625,273196.34375
1771506938.1363428,Concentrated,261726.25,260485.984375,318310.21875,290263.96875,275259.34375,260388.453125,237815.0625,273187.59375
1771506938.1363428,Concentrated,261734.015625,260493.59375,318315.59375,290273.1875,275266.21875,260394.96875,237818.90625,273190.09375
1771506938.1739306,Concentrated,261735.1875,260493.140625,318311.5625,290270.9375,275267.1875,260394.96875,237815.953125,273192.875
1771506938.198731,Concentrated,261741.625,260498.6875,318312.5625,290285.0625,275270.78125,260397.03125,237819.359375,273195.1875
1771506938.198731,Concentrated,261742.34375,260501.1875,318316.75,290280.875,275270.96875,260398.375,237821.59375,273190.625
1771506938.198731,Concentrated,261737.59375,260495.109375,318311.84375,290263.78125,275263.09375,260392.5625,237815.328125,273185.96875
1771506938.198731,Concentrated,261737.421875,260494.484375,318310.40625,290269.4375,275259.34375,260391.21875,237813.453125,273184.90625
1771506938.198731,Concentrated,261737.0625,260494.484375,318308.15625,290273.0,275258.15625,260391.046875,237812.375,273182.125
1771506938.198731,Concentrated,261733.484375,260491.71875,318302.53125,290266.75,275256.1875,260389.703125,237807.8125,273180.96875
1771506938.198731,Concentrated,261735.1875,260494.21875,318306.03125,290266.75,275258.71875,260392.109375,237809.96875,273184.03125
1771506938.198731,Concentrated,261736.25,260496.890625,318310.21875,290271.75,275260.5,260393.640625,237815.0625,273185.28125
1771506938.2225752,Concentrated,261733.84375,260495.640625,318306.28125,290265.65625,275260.125,260392.109375,237815.953125,273182.40625
1771506938.2225752,Concentrated,261741.984375,260502.265625,318308.4375,290281.40625,275267.5625,260398.640625,237821.046875,273188.75
1771506938.2225752,Concentrated,261737.59375,260495.828125,318300.84375,290265.3125,275263.34375,260394.703125,237815.515625,273189.46875
1771506938.2225752,Concentrated,261734.734375,260494.75,318296.53125,290261.03125,275261.125,260390.421875,237816.84375,273190.90625
1771506938.2225752,Concentrated,261736.53125,260498.78125,318298.0625,290276.5625,275261.03125,260389.25,237822.484375,273187.5
1771506938.2225752,Concentrated,261730.71875,260491.625,318290.65625,290259.15625,275255.75,260384.515625,237816.21875,273183.75
1771506938.2225752,Concentrated,261729.640625,260488.859375,318285.375,290254.5,275256.375,260384.0625,237813.8125,273186.96875
1771506938.2225752,Concentrated,261727.859375,260487.59375,318284.21875,290250.46875,275255.5625,260382.640625,237810.765625,273185.625
1771506938.24688,Concentrated,261727.578125,260491.171875,318292.4375,290254.21875,275258.09375,260385.3125,237814.890625,273182.6875
1771506938.24688,Concentrated,261724.640625,260491.265625,318282.40625,290254.125,275259.40625,260383.4375,237818.1875,273181.5
1771506938.24688,Concentrated,261727.671875,260495.109375,318286.71875,290256.5625,275262.5625,260387.375,237819.71875,273182.125
1771506938.24688,Concentrated,261730.625,260497.4375,318290.8125,290252.25,275267.90625,260393.90625,237820.6875,273188.75
1771506938.24688,Concentrated,261737.859375,260504.5,318298.4375,290269.15625,275277.3125,260403.5625,237829.09375,273200.03125
1771506938.24688,Concentrated,261739.828125,260507.984375,318308.15625,290270.59375,275281.78125,260410.890625,237834.015625,273206.5625
1771506938.24688,Concentrated,261735.453125,260505.65625,318302.34375,290260.5625,275281.6875,260413.65625,237835.53125,273212.90625
1771506938.24688,Concentrated,261738.140625,260509.953125,318305.03125,290265.75,275286.25,260417.328125,237839.375,273218.625
1771506938.273133,Concentrated,261739.46875,260510.40625,318302.96875,290273.09375,275286.59375,260414.375,237838.75,273220.5
1771506938.273133,Concentrated,261735.625,260506.46875,318297.25,290270.75,275280.34375,260409.015625,237831.609375,273218.25
1771506938.273133,Concentrated,261728.484375,260500.03125,318291.90625,290258.0625,275272.28125,260401.328125,237824.546875,273211.71875
1771506938.273133,Concentrated,261723.203125,260496.265625,318285.625,290242.6875,275268.4375,260397.125,237822.484375,273204.84375
1771506938.273133,Concentrated,261719.8125,260493.59375,318280.4375,290248.6875,275264.96875,260393.1875,237821.953125,273195.46875
1771506938.273133,Concentrated,261714.0,260483.75,318270.875,290237.0625,275258.25,260386.390625,237812.375,273187.15625
1771506938.273133,Concentrated,261713.28125,260478.390625,318266.15625,290230.34375,275252.96875,260381.296875,237804.25,273180.25
1771506938.273133,Concentrated,261714.171875,260479.015625,318268.65625,290231.5,275250.9375,260379.78125,237803.796875,273176.15625
1771506938.2956977,Concentrated,261719.453125,260486.34375,318274.90625,290237.6875,275254.875,260383.34375,237811.9375,273178.125
1771506938.2956977,Concentrated,261723.296875,260489.484375,318272.6875,290239.03125,275256.03125,260384.0625,237813.0,273178.90625
1771506938.2956977,Concentrated,261731.34375,260493.40625,318275.53125,290241.0,275258.53125,260386.84375,237811.75,273182.0625
1771506938.2956977,Concentrated,261734.296875,260492.96875,318267.5625,290236.625,275258.0,260384.6875,237810.140625,273186.25
1771506938.2956977,Concentrated,261733.125,260492.515625,318265.34375,290237.6875,275255.5,260381.921875,237810.40625,273182.59375
1771506938.3194406,Concentrated,261734.734375,260496.0,318268.21875,290245.46875,275258.53125,260384.953125,237817.46875,273184.71875
1771506938.3194406,Concentrated,261734.296875,260495.375,318270.34375,290241.53125,275259.78125,260386.484375,237818.1875,273186.25
1771506938.3194406,Concentrated,261734.46875,260492.875,318270.0,290238.21875,275259.15625,260386.921875,237813.625,273183.03125
1771506938.3194406,Concentrated,261739.203125,260497.53125,318272.59375,290259.15625,275265.59375,260393.1875,237818.8125,273189.1875
1771506938.3194406,Concentrated,261735.453125,260492.875,318267.75,290243.59375,275263.28125,260390.953125,237816.9375,273184.09375
1771506938.3194406,Concentrated,261737.953125,260495.5625,318270.34375,290240.625,275265.84375,260393.0,237823.828125,273184.1875
1771506938.341346,Concentrated,261737.328125,260496.453125,318273.5625,290232.78125,275267.8125,260395.875,237824.265625,273190.53125
1771506938.341346,Concentrated,261733.84375,260492.875,318270.53125,290232.84375,275265.15625,260393.09375,237820.78125,273190.09375
1771506938.341346,Concentrated,261727.578125,260487.515625,318257.125,290236.0625,275260.6875,260387.640625,237815.328125,273183.75
1771506938.341346,Concentrated,261723.46875,260486.703125,318251.5625,290236.15625,275262.1875,260387.109375,237818.640625,273184.71875
1771506938.341346,Concentrated,261721.234375,260486.53125,318256.125,290230.34375,275262.09375,260388.984375,237821.140625,273183.40625
1771506938.341346,Concentrated,261718.203125,260485.90625,318255.40625,290226.78125,275262.1875,260390.6875,237818.734375,273182.84375
1771506938.3676105,Concentrated,261720.34375,260487.875,318251.84375,290229.71875,275265.40625,260393.1875,237817.03125,273185.71875
1771506938.3676105,Concentrated,261724.359375,260490.28125,318253.28125,290232.3125,275269.71875,260396.765625,237819.265625,273190.90625
1771506938.3676105,Concentrated,261720.078125,260483.9375,318251.75,290219.0,275264.25,260391.484375,237814.171875,273183.3125
1771506938.3676105,Concentrated,261725.53125,260488.9375,318259.71875,290227.65625,275264.6875,260393.1875,237817.75,273179.28125
1771506938.3676105,Concentrated,261725.4375,260492.25,318258.8125,290230.1875,275265.84375,260393.90625,237818.546875,273180.09375
1771506938.3676105,Concentrated,261732.765625,260501.8125,318264.28125,290251.375,275273.28125,260399.53125,237825.515625,273186.0625
1771506938.3676105,Concentrated,261728.484375,260495.828125,318250.6875,290238.125,275269.625,260394.4375,237821.5,273185.1875
1771506938.3905892,Concentrated,261724.09375,260489.296875,318247.0,290212.375,275262.46875,260387.734375,237813.359375,273180.8125
1771506938.3905892,Concentrated,261728.5625,260492.421875,318254.25,290224.1875,275259.40625,260386.125,237814.703125,273173.46875
1771506938.3905892,Concentrated,261737.234375,260496.265625,318255.25,290233.3125,275260.5,260387.828125,237815.859375,273176.40625
1771506938.3905892,Concentrated,261740.1875,260495.375,318251.5625,290223.46875,275260.0625,260387.828125,237812.296875,273179.09375
1771506938.3905892,Concentrated,261736.96875,260492.25,318245.75,290222.21875,275257.09375,260384.78125,237808.53125,273180.25
1771506938.4213374,Concentrated,261730.09375,260486.171875,318244.15625,290217.375,275251.71875,260380.765625,237806.125,273178.375
1771506938.4213374,Concentrated,261725.625,260485.09375,318247.625,290212.65625,275249.3125,260380.765625,237807.46875,273177.59375
1771506938.4213374,Concentrated,261726.25,260487.515625,318243.53125,290220.25,275253.25,260385.40625,237812.828125,273181.96875
1771506938.4213374,Concentrated,261724.546875,260484.375,318238.625,290221.15625,275255.125,260387.015625,237813.28125,273182.9375
1771506938.4213374,Concentrated,261727.140625,260484.734375,318240.5,290220.875,275258.25,260390.59375,237814.796875,273188.75
1771506938.4213374,Concentrated,261725.078125,260481.78125,318234.21875,290217.5625,275254.3125,260387.828125,237811.21875,273183.125
1771506938.4525883,Concentrated,261725.078125,260483.484375,318235.9375,290217.125,275255.9375,260388.265625,237814.4375,273182.75
1771506938.4525883,Concentrated,261725.4375,260486.609375,318238.6875,290213.09375,275260.21875,260391.84375,237818.453125,273185.1875
1771506938.4525883,Concentrated,261726.0625,260487.6875,318234.84375,290214.53125,275262.71875,260391.75,237816.671875,273184.46875
1771506938.4525883,Concentrated,261731.609375,260495.5625,318237.28125,290233.9375,275271.03125,260397.484375,237822.9375,273191.4375
1771506938.4525883,Concentrated,261730.265625,260496.0,318239.0625,290218.90625,275271.5,260398.546875,237822.65625,273192.34375
1771506938.4525883,Concentrated,261731.609375,260498.234375,318243.4375,290214.96875,275273.1875,260400.421875,237824.265625,273190.53125
1771506938.4525883,Concentrated,261729.734375,260499.671875,318242.71875,290219.34375,275273.90625,260399.53125,237825.25,273187.25
1771506938.4525883,Concentrated,261725.34375,260495.109375,318238.15625,290213.09375,275271.9375,260396.859375,237819.71875,273186.0625
1771506938.4525883,Concentrated,261733.046875,260500.75,318243.875,290226.0625,275277.84375,260401.6875,237823.5625,273190.0
1771506938.478091,Concentrated,261733.84375,260500.75,318246.125,290218.09375,275278.46875,260403.921875,237823.640625,273190.71875
1771506938.478091,Concentrated,261734.5625,260500.65625,318243.96875,290216.9375,275275.0625,260400.78125,237822.9375,273187.3125
1771506938.478091,Concentrated,261737.6875,260504.5,318243.96875,290223.03125,275275.6875,260401.328125,237824.625,273189.46875
1771506938.478091,Concentrated,261738.765625,260503.421875,318238.625,290215.875,275274.53125,260401.953125,237820.609375,273186.875
1771506938.478091,Concentrated,261742.875,260505.921875,318236.1875,290217.65625,275273.46875,260401.765625,237818.734375,273186.0625
1771506938.4939895,Concentrated,261739.390625,260503.15625,318235.3125,290209.0625,275268.09375,260398.28125,237812.921875,273185.28125
1771506938.4939895,Concentrated,261736.34375,260501.8125,318230.375,290211.125,275266.125,260397.5625,237813.546875,273187.78125
1771506938.4939895,Concentrated,261734.46875,260497.609375,318226.1875,290202.71875,275262.90625,260396.671875,237811.578125,273188.5625
1771506938.4939895,Concentrated,261733.671875,260490.734375,318221.09375,290204.0625,275258.34375,260394.703125,237807.28125,273188.3125
1771506938.4939895,Concentrated,261727.671875,260479.546875,318217.59375,290182.53125,275253.625,260392.5625,237800.21875,273189.1875
1771506938.5250418,Concentrated,261725.078125,260475.625,318216.78125,290183.25,275250.40625,260390.421875,237800.671875,273185.0
1771506938.5250418,Concentrated,261722.3125,260475.0,318212.21875,290188.5,275249.84375,260387.28125,237805.859375,273183.40625
1771506938.5250418,Concentrated,261720.078125,260476.515625,318209.90625,290195.40625,275252.53125,260386.484375,237809.875,273182.40625
1771506938.5250418,Concentrated,261720.4375,260477.3125,318209.09375,290192.1875,275253.78125,260387.203125,237808.53125,273181.34375
1771506938.5250418,Concentrated,261724.546875,260483.578125,318210.96875,290195.3125,275260.6875,260393.1875,237813.453125,273185.0
1771506938.5250418,Concentrated,261717.75,260482.421875,318209.1875,290191.0,275259.78125,260391.046875,237813.546875,273183.3125
1771506938.5250418,Concentrated,261713.546875,260481.078125,318204.46875,290186.90625,275258.0,260386.5625,237814.171875,273180.0
1771506938.5250418,Concentrated,261715.515625,260484.296875,318202.03125,290189.59375,275261.75,260386.21875,237818.8125,273179.09375
1771506938.5250418,Concentrated,261720.078125,260488.9375,318204.625,290203.8125,275266.9375,260387.640625,237822.578125,273180.34375
1771506938.5500276,Concentrated,261722.21875,260488.21875,318203.5625,290202.46875,275270.5,260390.59375,237823.109375,273184.65625
1771506938.5500276,Concentrated,261725.171875,260491.890625,318208.46875,290199.15625,275276.3125,260397.65625,237827.578125,273188.125
1771506938.5500276,Concentrated,261724.09375,260495.5625,318208.9375,290206.21875,275280.625,260403.375,237834.015625,273191.15625
1771506938.5500276,Concentrated,261724.453125,260497.796875,318211.25,290196.65625,275281.3125,260405.34375,237833.390625,273188.03125
1771506938.5500276,Concentrated,261724.1875,260499.3125,318210.34375,290198.34375,275282.21875,260405.96875,237831.6875,273186.96875
1771506938.5500276,Concentrated,261729.640625,260503.96875,318212.3125,290206.40625,275287.0625,260411.328125,237834.46875,273193.59375
1771506938.5500276,Concentrated,261733.84375,260507.8125,318214.28125,290210.25,275288.3125,260413.390625,237838.671875,273197.15625
1771506938.586852,Concentrated,261727.5,260502.359375,318209.09375,290199.96875,275283.46875,260408.828125,237836.34375,273194.9375
1771506938.586852,Concentrated,261724.71875,260497.4375,318205.96875,290189.84375,275278.03125,260404.546875,237830.890625,273186.96875
1771506938.586852,Concentrated,261720.171875,260489.5625,318196.9375,290185.90625,275271.84375,260398.109375,237822.484375,273185.0
1771506938.586852,Concentrated,261721.421875,260486.703125,318198.09375,290180.46875,275268.90625,260397.203125,237815.328125,273184.09375
1771506938.586852,Concentrated,261725.0,260488.21875,318196.40625,290188.5,275264.875,260395.515625,237815.0625,273181.78125
1771506938.586852,Concentrated,261723.65625,260485.8125,318190.875,290181.625,275258.25,260391.390625,237811.9375,273177.9375
1771506938.6168544,Concentrated,261723.203125,260484.46875,318193.09375,290174.375,275252.4375,260387.90625,237804.953125,273172.5625
1771506938.6168544,Concentrated,261727.671875,260485.359375,318193.71875,290171.34375,275247.96875,260382.640625,237800.578125,273167.21875
1771506938.6168544,Concentrated,261728.75,260484.46875,318187.65625,290170.625,275246.375,260378.34375,237797.890625,273168.5625
1771506938.6168544,Concentrated,261730.453125,260487.875,318184.53125,290182.25,275250.21875,260378.875,237805.3125,273169.53125
1771506938.6168544,Concentrated,261728.125,260487.515625,318188.90625,290179.46875,275248.6875,260377.890625,237806.203125,273161.84375
1771506938.6168544,Concentrated,261724.90625,260483.125,318184.0625,290163.75,275246.1875,260377.71875,237801.828125,273162.46875
1771506938.6168544,Concentrated,261726.421875,260483.84375,318181.375,290173.3125,275249.6875,260379.59375,237803.265625,273166.84375
1771506938.6168544,Concentrated,261729.375,260487.15625,318183.28125,290178.21875,275254.6875,260384.609375,237806.296875,273171.21875
1771506938.6168544,Concentrated,261727.578125,260487.6875,318186.125,290176.8125,275257.71875,260387.015625,237809.421875,273175.0625
1771506938.645082,Concentrated,261723.46875,260487.15625,318188.1875,290175.8125,275259.40625,260388.8125,237813.28125,273176.6875
1771506938.645082,Concentrated,261713.375,260479.015625,318177.8125,290160.78125,275255.75,260385.59375,237809.703125,273177.59375
1771506938.645082,Concentrated,261712.828125,260479.28125,318173.15625,290160.4375,275258.34375,260386.65625,237810.59375,273180.4375
1771506938.645082,Concentrated,261715.25,260483.3125,318173.15625,290166.4375,275262.5625,260387.90625,237812.828125,273189.125
1771506938.645082,Concentrated,261717.03125,260486.609375,318175.03125,290167.15625,275262.90625,260387.546875,237813.90625,273182.84375
1771506938.645082,Concentrated,261716.671875,260486.265625,318174.6875,290158.5625,275260.9375,260387.546875,237813.625,273178.28125
1771506938.645082,Concentrated,261717.296875,260485.90625,318175.21875,290156.40625,275259.40625,260388.71875,237811.21875,273175.34375
1771506938.661358,Concentrated,261724.90625,260494.3125,318180.75,290172.6875,275266.125,260395.6875,237815.6875,273179.28125
1771506938.661358,Concentrated,261732.59375,260498.6875,318184.34375,290173.84375,275270.25,260399.53125,237817.75,273182.9375
1771506938.661358,Concentrated,261731.4375,260495.203125,318182.5625,290160.09375,275267.1875,260396.671875,237814.53125,273180.4375
1771506938.661358,Concentrated,261731.15625,260496.265625,318184.34375,290162.9375,275267.1875,260394.4375,237817.5625,273176.875
1771506938.661358,Concentrated,261726.875,260492.78125,318179.6875,290161.34375,275263.09375,260389.4375,237815.234375,273169.90625
1771506938.6793585,Concentrated,261728.484375,260492.96875,318177.625,290164.1875,275262.90625,260391.125,237813.984375,273170.53125
1771506938.6793585,Concentrated,261737.515625,260499.21875,318178.78125,290174.21875,275266.84375,260394.703125,237816.046875,273176.0625
1771506938.6793585,Concentrated,261736.796875,260498.6875,318177.28125,290160.875,275261.21875,260390.59375,237809.421875,273174.625
1771506938.6793585,Concentrated,261740.546875,260500.5625,318182.0,290158.46875,275256.28125,260388.265625,237806.296875,273171.0625
1771506938.7113068,Concentrated,261749.125,260505.65625,318189.4375,290169.28125,275253.625,260388.8125,237804.328125,273168.375
1771506938.7113068,Concentrated,261742.96875,260495.28125,318179.5,290153.90625,275243.6875,260381.65625,237792.53125,273164.96875
1771506938.7113068,Concentrated,261745.109375,260492.34375,318170.46875,290152.3125,275240.375,260380.046875,237788.421875,273165.5
1771506938.7113068,Concentrated,261748.859375,260495.109375,318174.5,290153.71875,275241.625,260382.09375,237792.078125,273168.1875
1771506938.7113068,Concentrated,261744.125,260490.109375,318173.625,290146.75,275235.46875,260377.09375,237789.40625,273159.875
1771506938.7113068,Concentrated,261737.234375,260486.703125,318168.4375,290144.6875,275235.0,260376.734375,237791.1875,273159.25
1771506938.7113068,Concentrated,261737.6875,260488.21875,318165.5625,290150.25,275240.375,260380.671875,237793.875,273163.28125
1771506938.7113068,Concentrated,261739.921875,260491.265625,318163.78125,290167.0625,275247.0,260384.6875,237799.5,273169.90625
1771506938.7306988,Concentrated,261738.40625,260491.359375,318164.3125,290159.28125,275253.625,260389.875,237807.28125,273178.90625
1771506938.7306988,Concentrated,261729.828125,260486.703125,318159.46875,290147.375,275253.625,260385.671875,237811.671875,273171.78125
1771506938.7306988,Concentrated,261720.703125,260481.15625,318154.21875,290140.3125,275252.96875,260382.28125,237811.3125,273169.71875
1771506938.7306988,Concentrated,261718.734375,260480.8125,318149.1875,290143.1875,275256.84375,260383.34375,237813.90625,273176.96875
1771506938.7469678,Concentrated,261717.578125,260481.078125,318145.90625,290143.1875,275259.96875,260385.671875,237815.6875,273180.53125
1771506938.7469678,Concentrated,261713.734375,260479.015625,318140.4375,290143.1875,275259.15625,260382.546875,237815.78125,273178.28125
1771506938.7469678,Concentrated,261709.796875,260478.390625,318138.5625,290141.21875,275256.03125,260379.0625,237814.796875,273172.5625
1771506938.7469678,Concentrated,261715.15625,260484.828125,318139.1875,290149.71875,275259.34375,260382.375,237818.015625,273173.03125
1771506938.7469678,Concentrated,261720.96875,260490.109375,318141.59375,290153.90625,275263.96875,260389.609375,237817.921875,273178.46875
1771506938.7626357,Concentrated,261720.515625,260486.53125,318139.71875,290136.03125,275262.5625,260390.765625,237811.21875,273178.5625
1771506938.7626357,Concentrated,261725.703125,260492.96875,318147.78125,290149.25,275266.9375,260396.578125,237814.25,273180.8125
1771506938.7626357,Concentrated,261721.328125,260490.8125,318147.59375,290138.53125,275263.34375,260393.453125,237811.21875,273178.125
1771506938.7893622,Concentrated,261721.5,260491.625,318147.6875,290138.25,275261.375,260392.296875,237809.421875,273175.4375
1771506938.7893622,Concentrated,261727.40625,260495.828125,318149.65625,290149.15625,275261.75,260393.640625,237808.359375,273175.34375
1771506938.7893622,Concentrated,261735.453125,260499.3125,318152.40625,290152.9375,275261.84375,260394.53125,237809.515625,273177.59375
1771506938.7893622,Concentrated,261733.390625,260495.375,318149.1875,290132.28125,275254.78125,260388.8125,237803.171875,273172.65625
1771506938.7893622,Concentrated,261735.359375,260497.53125,318147.875,290136.65625,275248.875,260385.59375,237803.265625,273168.46875
1771506938.7893622,Concentrated,261736.96875,260494.3125,318143.9375,290134.40625,275239.125,260377.1875,237796.28125,273159.875
1771506938.7893622,Concentrated,261741.265625,260494.484375,318141.15625,290136.5625,275235.625,260374.046875,237791.8125,273155.6875
1771506938.7893622,Concentrated,261749.046875,260499.046875,318142.3125,290145.15625,275238.5,260376.203125,237793.609375,273158.71875
1771506938.815229,Concentrated,261751.09375,260497.796875,318140.96875,290138.71875,275235.09375,260371.109375,237791.1875,273157.5625
1771506938.815229,Concentrated,261750.03125,260498.328125,318142.3125,290134.25,275233.6875,260370.203125,237793.609375,273152.71875
1771506938.838096,Concentrated,261745.375,260496.546875,318138.03125,290131.46875,275236.0,260372.171875,237795.21875,273152.28125
1771506938.838096,Concentrated,261741.0,260494.75,318135.0,290132.4375,275241.625,260376.734375,237796.90625,273158.8125
1771506938.838096,Concentrated,261736.609375,260492.421875,318134.28125,290138.53125,275247.25,260380.671875,237799.140625,273158.4375
1771506938.838096,Concentrated,261731.34375,260488.5,318131.40625,290127.71875,275251.03125,260383.625,237801.65625,273163.28125
1771506938.838096,Concentrated,261728.484375,260487.78125,318132.65625,290126.625,275254.875,260386.125,237808.625,273162.90625
1771506938.838096,Concentrated,261724.546875,260484.828125,318132.3125,290123.59375,275255.75,260387.375,237809.15625,273157.28125
1771506938.838096,Concentrated,261717.484375,260479.90625,318127.375,290114.5625,275258.71875,260388.09375,237808.09375,273163.375
1771506938.8637898,Concentrated,261711.40625,260475.625,318122.65625,290111.0,275258.78125,260387.203125,237807.015625,273166.84375
1771506938.8637898,Concentrated,261712.203125,260478.125,318120.25,290119.3125,275262.28125,260388.0,237811.84375,273171.9375
1771506938.8637898,Concentrated,261715.78125,260485.984375,318121.21875,290139.875,275266.5625,260387.90625,237819.71875,273172.21875
1771506938.8637898,Concentrated,261707.734375,260478.390625,318116.46875,290111.4375,275258.34375,260382.015625,237810.234375,273166.75
1771506938.8637898,Concentrated,261712.03125,260477.9375,318117.09375,290106.78125,275256.375,260381.734375,237805.765625,273170.15625
1771506938.8637898,Concentrated,261719.359375,260482.0625,318120.15625,290118.59375,275259.40625,260384.6875,237806.84375,273174.90625
1771506938.8637898,Concentrated,261722.9375,260484.203125,318120.9375,290132.71875,275258.53125,260383.4375,237810.0625,273174.0
1771506938.8637898,Concentrated,261713.09375,260474.8125,318118.34375,290107.875,275247.53125,260376.015625,237800.9375,273164.96875
1771506938.8637898,Concentrated,261709.96875,260472.578125,318115.40625,290096.5,275244.75,260375.125,237797.625,273165.25
1771506938.89745,Concentrated,261710.59375,260473.390625,318109.6875,290104.65625,275246.46875,260376.46875,237797.359375,273166.75
1771506938.89745,Concentrated,261714.890625,260476.953125,318112.71875,290111.96875,275250.75,260381.109375,237800.3125,273167.9375
1771506938.89745,Concentrated,261714.703125,260474.90625,318111.21875,290095.875,275249.0625,260381.390625,237797.1875,273168.09375
1771506938.89745,Concentrated,261712.03125,260475.53125,318109.9375,290096.96875,275246.09375,260379.421875,237796.46875,273162.8125
1771506938.89745,Concentrated,261707.734375,260473.296875,318105.40625,290097.125,275242.0,260373.609375,237795.65625,273158.28125
1771506938.89745,Concentrated,261713.28125,260476.421875,318105.40625,290104.75,275243.6875,260374.765625,237797.8125,273161.9375
1771506938.924452,Concentrated,261716.234375,260473.921875,318101.625,290097.6875,275242.15625,260373.34375,237795.21875,273163.90625
1771506938.924452,Concentrated,261719.265625,260475.34375,318105.125,290098.125,275242.78125,260374.046875,237795.75,273162.8125
1771506938.924452,Concentrated,261721.328125,260477.5,318109.15625,290099.1875,275244.125,260375.390625,237799.5,273167.9375
1771506938.924452,Concentrated,261733.484375,260487.15625,318118.0,290111.25,275252.0,260383.0,237808.71875,273174.1875
1771506938.924452,Concentrated,261743.5,260496.0,318123.8125,290116.8125,275259.78125,260391.390625,237813.71875,273186.15625
1771506938.924452,Concentrated,261746.09375,260499.578125,318121.5625,290122.53125,275260.3125,260391.671875,237813.984375,273185.28125
1771506938.924452,Concentrated,261745.46875,260501.1875,318117.46875,290133.0625,275257.8125,260386.5625,237813.90625,273181.78125
1771506938.924452,Concentrated,261740.734375,260499.484375,318113.625,290120.65625,275255.84375,260383.890625,237813.984375,273174.90625
1771506938.9419973,Concentrated,261731.703125,260491.171875,318102.96875,290099.625,275249.59375,260376.734375,237807.015625,273164.625
1771506938.9419973,Concentrated,261731.515625,260490.1875,318100.46875,290098.65625,275250.40625,260376.015625,237804.6875,273163.0
1771506938.9681053,Concentrated,261728.296875,260489.5625,318098.78125,290100.71875,275253.34375,260377.546875,237803.171875,273161.65625
1771506938.9681053,Concentrated,261721.78125,260485.984375,318092.6875,290106.625,275252.28125,260375.65625,237801.5625,273157.1875
1771506938.9681053,Concentrated,261716.953125,260483.484375,318092.53125,290090.4375,275251.90625,260375.578125,237801.03125,273157.375
1771506938.9681053,Concentrated,261717.484375,260486.609375,318095.1875,290091.25,275255.5625,260378.4375,237804.15625,273160.59375
1771506938.9681053,Concentrated,261723.5625,260491.09375,318098.6875,290105.4375,275260.6875,260382.1875,237808.09375,273167.125
1771506938.9681053,Concentrated,261720.515625,260484.03125,318093.59375,290090.15625,275255.84375,260379.6875,237800.671875,273168.375
1771506938.9681053,Concentrated,261725.703125,260486.34375,318096.71875,290098.46875,275256.46875,260382.015625,237803.078125,273167.03125
1771506938.9681053,Concentrated,261724.90625,260484.375,318094.5625,290096.25,275251.46875,260377.453125,237804.15625,273161.5
1771506938.9681053,Concentrated,261722.9375,260480.0,318089.75,290091.3125,275245.21875,260372.265625,237801.5625,273158.96875
1771506938.9681053,Concentrated,261719.984375,260475.171875,318087.0625,290086.21875,275240.1875,260370.484375,237794.953125,273159.0625
1771506938.9681053,Concentrated,261715.515625,260469.890625,318080.0,290089.53125,275236.625,260366.09375,237790.5625,273161.5
1771506938.9913328,Concentrated,261712.828125,260466.859375,318079.28125,290079.15625,275231.4375,260361.0,237787.796875,273158.4375
1771506938.9913328,Concentrated,261715.609375,260470.96875,318086.0,290081.59375,275229.03125,260360.015625,237790.65625,273155.21875
1771506938.9913328,Concentrated,261713.28125,260469.0,318079.03125,290079.96875,275225.625,260356.171875,237790.296875,273152.09375
1771506938.9913328,Concentrated,261715.15625,260469.359375,318070.875,290080.96875,275225.1875,260353.3125,237788.6875,273151.21875
1771506938.9913328,Concentrated,261714.625,260466.59375,318067.65625,290067.53125,275223.21875,260351.34375,237783.953125,273149.875
1771506938.9913328,Concentrated,261719.984375,260472.21875,318070.0625,290081.3125,275226.96875,260354.203125,237790.5625,273153.0
1771506938.9913328,Concentrated,261722.671875,260475.796875,318072.21875,290083.90625,275231.15625,260358.9375,237796.015625,273153.875
1771506939.0138416,Concentrated,261723.65625,260475.984375,318069.53125,290085.6875,275232.96875,260360.546875,237797.8125,273152.625
1771506939.0138416,Concentrated,261721.0625,260470.34375,318064.8125,290072.5625,275231.0,260357.875,237790.03125,273149.3125
1771506939.0138416,Concentrated,261724.1875,260472.84375,318066.3125,290080.3125,275236.53125,260360.828125,237791.09375,273151.84375
1771506939.0138416,Concentrated,261725.4375,260473.65625,318069.1875,290075.40625,275238.40625,260363.5,237792.4375,273151.46875
1771506939.0138416,Concentrated,261723.390625,260472.40625,318071.40625,290070.65625,275237.59375,260363.953125,237793.609375,273149.59375
1771506939.0368526,Concentrated,261724.453125,260474.640625,318075.1875,290072.1875,275241.625,260366.8125,237796.90625,273152.71875
1771506939.0368526,Concentrated,261728.296875,260478.75,318075.0,290078.625,275246.90625,260370.203125,237800.3125,273156.75
1771506939.0368526,Concentrated,261732.765625,260483.046875,318076.96875,290084.8125,275251.8125,260373.15625,237804.421875,273159.59375
1771506939.0368526,Concentrated,261735.359375,260489.296875,318082.25,290095.78125,275258.0,260376.734375,237810.765625,273162.1875
1771506939.0368526,Concentrated,261737.953125,260494.65625,318086.53125,290099.28125,275261.65625,260380.765625,237815.859375,273161.65625
1771506939.0527236,Concentrated,261734.109375,260492.703125,318083.5625,290087.03125,275261.125,260383.53125,237814.53125,273161.9375
1771506939.0527236,Concentrated,261737.234375,260497.875,318083.40625,290102.9375,275266.5,260386.5625,237817.75,273165.96875
1771506939.0527236,Concentrated,261738.765625,260498.6875,318078.84375,290097.84375,275266.5625,260385.765625,237816.671875,273166.3125
1771506939.0781507,Concentrated,261738.765625,260497.875,318080.53125,290088.71875,275265.15625,260385.40625,237817.125,273167.03125
1771506939.0781507,Concentrated,261733.21875,260492.34375,318073.28125,290080.3125,275256.125,260378.4375,237810.859375,273158.8125
1771506939.0781507,Concentrated,261729.90625,260490.015625,318069.1875,290080.40625,275251.71875,260374.859375,237809.078125,273157.28125
1771506939.0781507,Concentrated,261732.140625,260492.15625,318072.125,290087.03125,275253.15625,260376.640625,237809.703125,273159.78125
1771506939.0781507,Concentrated,261728.484375,260486.34375,318068.28125,290077.90625,275249.84375,260373.421875,237804.0625,273159.25
1771506939.0781507,Concentrated,261721.78125,260478.296875,318061.6875,290063.34375,275245.03125,260370.03125,237798.515625,273159.59375
1771506939.1088262,Concentrated,261719.625,260475.53125,318060.5,290063.34375,275242.78125,260369.5,237798.34375,273156.75
1771506939.1088262,Concentrated,261714.0,260472.125,318058.09375,290062.28125,275242.15625,260368.953125,237798.703125,273155.21875
1771506939.1088262,Concentrated,261714.53125,260472.84375,318058.0,290066.90625,275246.46875,260373.96875,237801.203125,273160.3125
1771506939.1088262,Concentrated,261716.953125,260471.15625,318057.5625,290054.59375,275247.8125,260375.03125,237798.25,273165.15625
1771506939.1088262,Concentrated,261716.59375,260471.5,318051.40625,290060.21875,275247.4375,260371.640625,237798.515625,273165.40625
1771506939.1088262,Concentrated,261717.296875,260474.640625,318045.03125,290068.09375,275247.09375,260370.203125,237801.03125,273161.75
1771506939.1088262,Concentrated,261720.875,260479.46875,318048.875,290074.96875,275247.875,260371.28125,237802.984375,273160.25
1771506939.1088262,Concentrated,261723.46875,260479.46875,318047.8125,290048.84375,275244.84375,260369.40625,237796.828125,273159.15625
1771506939.1088262,Concentrated,261729.1875,260482.953125,318045.75,290063.875,275243.59375,260367.4375,237795.578125,273158.34375
1771506939.1088262,Concentrated,261729.46875,260480.71875,318039.6875,290059.9375,275239.65625,260362.25,237793.609375,273158.53125
1771506939.1312907,Concentrated,261725.796875,260475.078125,318034.84375,290051.4375,275233.03125,260355.640625,237793.34375,273154.25
1771506939.1312907,Concentrated,261727.765625,260475.171875,318034.84375,290055.90625,275232.15625,260355.1875,237797.453125,273150.65625
1771506939.1312907,Concentrated,261728.84375,260474.71875,318032.625,290058.25,275233.9375,260357.6875,237799.6875,273153.625
1771506939.1312907,Concentrated,261731.25,260477.859375,318035.03125,290064.15625,275240.5625,260363.234375,237803.265625,273162.5625
1771506939.1312907,Concentrated,261731.4375,260479.90625,318039.78125,290065.3125,275246.28125,260369.140625,237807.640625,273164.78125
1771506939.1593308,Concentrated,261725.890625,260477.5,318042.90625,290052.875,275247.53125,260371.453125,237809.25,273164.34375
1771506939.1593308,Concentrated,261722.046875,260477.671875,318043.96875,290052.0625,275250.40625,260373.78125,237809.96875,273166.3125
1771506939.1593308,Concentrated,261726.0625,260485.28125,318051.03125,290065.5625,275259.59375,260384.0625,237814.171875,273170.59375
1771506939.1593308,Concentrated,261726.328125,260487.328125,318053.09375,290055.5625,275264.34375,260391.046875,237813.546875,273172.84375
1771506939.1593308,Concentrated,261722.484375,260486.796875,318048.4375,290055.90625,275265.40625,260393.90625,237814.4375,273172.9375
1771506939.1856616,Concentrated,261718.734375,260486.4375,318049.15625,290047.78125,275264.34375,260394.703125,237809.703125,273168.71875
1771506939.1856616,Concentrated,261715.25,260485.71875,318048.25,290043.84375,275262.46875,260393.09375,237805.9375,273169.25
1771506939.1856616,Concentrated,261711.3125,260480.71875,318043.53125,290030.4375,275258.25,260388.09375,237799.234375,273164.875
1771506939.1856616,Concentrated,261710.515625,260477.3125,318037.09375,290025.6875,275255.125,260382.453125,237794.046875,273159.34375
1771506939.1856616,Concentrated,261709.609375,260475.703125,318033.96875,290032.3125,275251.8125,260378.96875,237792.0,273158.34375
1771506939.1856616,Concentrated,261702.46875,260468.28125,318025.28125,290024.90625,275243.59375,260369.671875,237787.609375,273157.65625
1771506939.1856616,Concentrated,261695.3125,260458.984375,318014.1875,290015.96875,275234.5625,260358.140625,237782.421875,273151.125
1771506939.2124858,Concentrated,261698.171875,260460.234375,318011.53125,290019.625,275235.90625,260358.234375,237783.5,273154.6875
1771506939.2124858,Concentrated,261701.921875,260464.890625,318012.15625,290028.21875,275242.4375,260361.984375,237787.875,273163.28125
1771506939.2124858,Concentrated,261705.59375,260471.5,318021.625,290030.96875,275248.6875,260368.59375,237794.953125,273166.03125
1771506939.2124858,Concentrated,261705.765625,260475.0,318020.46875,290042.59375,275251.28125,260371.28125,237800.9375,273165.40625
1771506939.2124858,Concentrated,261704.703125,260475.984375,318021.53125,290040.28125,275253.4375,260373.515625,237804.15625,273164.34375
1771506939.2124858,Concentrated,261700.046875,260468.5625,318018.65625,290018.8125,275248.25,260369.9375,237796.109375,273161.21875
1771506939.2124858,Concentrated,261708.625,260474.640625,318019.65625,290032.9375,275253.0625,260374.953125,237798.796875,273165.5
1771506939.2124858,Concentrated,261712.296875,260476.78125,318011.4375,290041.96875,275253.4375,260375.578125,237801.203125,273165.25
1771506939.2124858,Concentrated,261704.875,260471.78125,318007.21875,290029.1875,275248.25,260371.453125,237799.859375,273159.0625
1771506939.2406123,Concentrated,261705.5,260471.78125,318006.15625,290032.5,275246.1875,260367.53125,237801.734375,273156.75
1771506939.2406123,Concentrated,261709.171875,260472.578125,318005.71875,290039.28125,275248.59375,260368.6875,237803.703125,273159.4375
1771506939.2406123,Concentrated,261704.96875,260466.140625,318000.4375,290020.875,275246.46875,260366.625,237799.234375,273160.5
1771506939.2406123,Concentrated,261702.8125,260461.84375,317995.875,290017.75,275243.875,260364.484375,237797.890625,273160.875
1771506939.2406123,Concentrated,261696.46875,260456.671875,317992.75,290011.46875,275239.3125,260360.546875,237796.109375,273158.53125
1771506939.2738507,Concentrated,261692.0,260453.796875,317989.875,290009.875,275236.09375,260356.703125,237793.875,273153.15625
1771506939.2738507,Concentrated,261690.484375,260455.140625,317990.59375,290007.09375,275238.84375,260358.5,237792.796875,273157.71875
1771506939.2738507,Concentrated,261691.90625,260456.484375,317993.625,290004.96875,275242.78125,260362.4375,237791.28125,273163.1875
1771506939.2738507,Concentrated,261696.375,260460.0625,317994.09375,290012.90625,275247.25,260365.296875,237795.296875,273167.65625
1771506939.2738507,Concentrated,261695.671875,260460.78125,317999.625,290006.5625,275245.46875,260366.1875,237794.3125,273163.46875
1771506939.2738507,Concentrated,261701.390625,260466.59375,318006.40625,290011.65625,275248.4375,260371.546875,237797.890625,273163.53125
1771506939.2738507,Concentrated,261701.65625,260463.8125,318002.65625,290003.625,275245.75,260369.3125,237792.4375,273164.34375
1771506939.2738507,Concentrated,261706.671875,260466.328125,318002.40625,290010.3125,275247.71875,260369.9375,237791.734375,273163.46875
1771506939.2946076,Concentrated,261706.390625,260467.296875,318000.0625,290008.34375,275246.625,260369.671875,237791.1875,273164.0
1771506939.3275814,Concentrated,261708.359375,260469.453125,318002.40625,290001.75,275243.59375,260367.96875,237790.46875,273161.5
1771506939.3275814,Concentrated,261706.21875,260468.109375,317996.40625,290008.4375,275238.78125,260361.53125,237789.578125,273155.5
1771506939.3275814,Concentrated,261703.796875,260464.265625,317985.84375,290005.9375,275235.1875,260357.0625,237783.859375,273150.65625
1771506939.3275814,Concentrated,261710.421875,260467.84375,317990.9375,290003.96875,275239.3125,260362.25,237784.3125,273152.8125
1771506939.3275814,Concentrated,261713.734375,260471.421875,317995.5,290004.78125,275244.75,260367.890625,237788.234375,273158.0
1771506939.3275814,Concentrated,261707.921875,260468.109375,317993.09375,290002.1875,275241.71875,260365.109375,237787.34375,273149.5
1771506939.3275814,Concentrated,261706.578125,260468.015625,317993.09375,290004.15625,275243.78125,260366.453125,237791.1875,273148.0625
1771506939.3275814,Concentrated,261710.859375,260473.296875,317998.90625,290010.15625,275250.65625,260372.890625,237797.265625,273153.71875
1771506939.3275814,Concentrated,261713.375,260476.609375,317997.65625,290016.5,275253.53125,260375.125,237799.234375,273157.65625
1771506939.3275814,Concentrated,261714.171875,260476.78125,317990.9375,290021.21875,275249.9375,260371.015625,237800.046875,273154.25
1771506939.3275814,Concentrated,261703.796875,260467.21875,317983.0,289998.53125,275239.84375,260362.609375,237792.53125,273147.71875
1771506939.3275814,Concentrated,261703.71875,260467.9375,317983.1875,289993.59375,275240.5625,260364.484375,237793.78125,273148.15625
1771506939.3525789,Concentrated,261707.109375,260469.453125,317984.34375,290004.15625,275242.78125,260368.234375,237794.140625,273154.59375
1771506939.3525789,Concentrated,261708.90625,260468.109375,317982.90625,290008.90625,275243.59375,260369.140625,237792.984375,273158.34375
1771506939.3525789,Concentrated,261700.859375,260458.453125,317978.25,289980.71875,275237.53125,260365.015625,237785.828125,273156.21875
1771506939.3525789,Concentrated,261705.765625,260465.609375,317984.25,289995.40625,275242.4375,260370.296875,237794.765625,273159.6875
1771506939.3525789,Concentrated,261707.734375,260468.828125,317986.46875,290003.53125,275244.65625,260372.890625,237799.59375,273162.65625
1771506939.3525789,Concentrated,261707.015625,260468.734375,317984.5,290003.25,275247.0,260373.15625,237799.59375,273162.5625
1771506939.3525789,Concentrated,261708.625,260472.046875,317982.90625,290003.4375,275253.6875,260376.28125,237802.71875,273167.21875
1771506939.3525789,Concentrated,261713.453125,260477.234375,317983.96875,290011.03125,275257.09375,260376.375,237806.03125,273163.0
1771506939.3525789,Concentrated,261714.890625,260480.53125,317988.8125,290008.4375,275258.0,260376.203125,237809.34375,273162.375
1771506939.3813236,Concentrated,261709.078125,260474.375,317981.21875,289990.75,275253.0625,260371.734375,237803.625,273158.90625
1771506939.3813236,Concentrated,261711.9375,260481.34375,317979.59375,290000.65625,275259.34375,260377.1875,237807.90625,273162.8125
1771506939.3813236,Concentrated,261720.34375,260486.4375,317983.34375,290010.21875,275263.71875,260380.671875,237810.328125,273168.09375
1771506939.3813236,Concentrated,261733.3125,260485.359375,317986.3125,290017.65625,275257.71875,260375.84375,237806.84375,273162.28125
1771506939.3813236,Concentrated,261731.609375,260480.265625,317986.125,289996.09375,275250.40625,260370.484375,237799.859375,273155.59375
1771506939.4093673,Concentrated,261736.796875,260482.59375,317987.1875,290000.3125,275250.03125,260370.03125,237802.640625,273155.9375
1771506939.4093673,Concentrated,261745.28125,260487.78125,317989.875,290015.15625,275254.5,260375.03125,237806.75,273162.28125
1771506939.4093673,Concentrated,261742.421875,260481.4375,317982.375,289997.28125,275252.53125,260373.96875,237799.6875,273163.28125
1771506939.4093673,Concentrated,261740.546875,260478.65625,317977.4375,289996.8125,275249.21875,260370.921875,237796.46875,273159.4375
1771506939.4093673,Concentrated,261737.328125,260476.78125,317978.96875,289991.8125,275246.1875,260369.21875,237796.640625,273155.6875
1771506939.4093673,Concentrated,261738.578125,260480.453125,317982.28125,289997.8125,275248.4375,260374.046875,237801.65625,273157.03125
1771506939.4093673,Concentrated,261735.359375,260478.75,317977.625,289997.71875,275246.1875,260372.4375,237798.078125,273154.78125
1771506939.4093673,Concentrated,261735.625,260478.484375,317977.53125,290001.5625,275245.375,260373.515625,237794.671875,273157.375
1771506939.4564006,Concentrated,261733.390625,260477.234375,317976.03125,289989.59375,275244.125,260374.5,237793.34375,273156.9375
1771506939.4564006,Concentrated,261729.828125,260476.421875,317973.25,289984.21875,275242.34375,260374.046875,237794.59375,273156.125
1771506939.4564006,Concentrated,261729.015625,260477.671875,317971.8125,289990.125,275244.3125,260373.78125,237798.796875,273158.53125
1771506939.4564006,Concentrated,261727.40625,260475.171875,317971.09375,289984.46875,275245.46875,260373.515625,237797.359375,273158.34375
1771506939.4564006,Concentrated,261724.71875,260472.3125,317962.875,289980.1875,275247.09375,260374.671875,237795.84375,273161.125
1771506939.4564006,Concentrated,261722.9375,260472.765625,317962.875,289980.90625,275248.15625,260374.046875,237797.453125,273162.03125
1771506939.4564006,Concentrated,261722.84375,260473.734375,317963.25,289988.0625,275249.5,260371.546875,237802.359375,273160.6875
1771506939.481858,Concentrated,261723.390625,260476.15625,317967.34375,289986.28125,275252.625,260372.359375,237805.671875,273160.59375
1771506939.481858,Concentrated,261719.984375,260473.296875,317962.25,289981.875,275252.34375,260369.578125,237802.90625,273162.125
1771506939.481858,Concentrated,261723.65625,260477.859375,317963.3125,289987.4375,275258.875,260375.390625,237806.65625,273169.0
1771506939.481858,Concentrated,261724.359375,260476.875,317962.34375,289975.8125,275258.875,260375.484375,237805.234375,273169.90625
1771506939.481858,Concentrated,261727.140625,260479.640625,317965.5625,289980.625,275259.96875,260377.625,237808.625,273170.15625
1771506939.481858,Concentrated,261727.234375,260479.734375,317966.53125,289977.0625,275259.5,260380.3125,237807.640625,273169.0
1771506939.481858,Concentrated,261733.578125,260485.8125,317969.125,289988.40625,275265.0625,260387.28125,237811.125,273170.59375
1771506939.481858,Concentrated,261735.8125,260487.515625,317966.8125,289988.78125,275266.9375,260389.4375,237810.40625,273174.71875
1771506939.481858,Concentrated,261732.5,260484.46875,317966.71875,289975.8125,275262.46875,260384.6875,237803.96875,273169.53125
1771506939.481858,Concentrated,261737.6875,260492.0625,317975.21875,289991.1875,275268.0,260390.0625,237812.828125,273174.625
1771506939.5063426,Concentrated,261741.359375,260496.359375,317974.5,290000.65625,275269.4375,260391.484375,237817.921875,273177.40625
1771506939.5063426,Concentrated,261734.5625,260486.890625,317964.40625,289973.5625,275260.75,260382.09375,237807.015625,273166.84375
1771506939.5063426,Concentrated,261736.4375,260487.0625,317962.4375,289989.21875,275260.40625,260380.484375,237806.5625,273167.03125
1771506939.5063426,Concentrated,261736.796875,260486.078125,317963.5,289988.0625,275260.125,260380.40625,237807.90625,273169.34375
1771506939.5063426,Concentrated,261734.5625,260483.3125,317958.125,289973.84375,275257.28125,260378.4375,237808.171875,273165.0625
1771506939.5063426,Concentrated,261733.75,260483.046875,317957.0625,289974.65625,275255.40625,260376.640625,237808.890625,273158.96875
1771506939.5063426,Concentrated,261735.90625,260485.984375,317956.09375,289986.625,275259.25,260379.421875,237813.8125,273164.34375
1771506939.5325174,Concentrated,261734.109375,260485.09375,317957.4375,289983.15625,275258.71875,260378.515625,237811.390625,273162.8125
1771506939.5325174,Concentrated,261737.328125,260487.875,317957.59375,289984.9375,275261.125,260380.9375,237812.921875,273160.25
1771506939.5325174,Concentrated,261736.34375,260489.296875,317953.59375,289982.6875,275261.5625,260380.3125,237815.59375,273162.03125
1771506939.5325174,Concentrated,261733.390625,260487.78125,317950.1875,289973.65625,275261.21875,260379.78125,237814.4375,273158.625
1771506939.5325174,Concentrated,261731.78125,260487.421875,317948.75,289976.25,275263.625,260380.578125,237814.96875,273160.875
1771506939.5325174,Concentrated,261729.828125,260485.90625,317946.59375,289978.9375,275265.21875,260381.203125,237813.28125,273160.78125
1771506939.5325174,Concentrated,261724.90625,260481.78125,317943.21875,289968.5625,275263.0,260380.3125,237810.859375,273158.09375
1771506939.5325174,Concentrated,261732.953125,260491.53125,317952.25,289984.3125,275271.03125,260387.734375,237821.5,273164.53125
1771506939.5543172,Concentrated,261725.4375,260486.265625,317950.375,289962.03125,275266.21875,260384.328125,237814.25,273158.71875
1771506939.5543172,Concentrated,261719.09375,260483.484375,317942.59375,289959.28125,275264.25,260380.21875,237810.765625,273156.03125
1771506939.5543172,Concentrated,261717.921875,260483.390625,317939.625,289966.4375,275265.78125,260381.5625,237809.96875,273159.59375
1771506939.5543172,Concentrated,261724.1875,260483.390625,317941.34375,289965.53125,275263.71875,260380.484375,237809.25,273160.5
1771506939.5788395,Concentrated,261725.0,260480.0,317938.03125,289961.9375,275257.53125,260373.421875,237807.015625,273158.1875
1771506939.5788395,Concentrated,261728.03125,260483.75,317942.84375,289965.15625,275259.25,260377.625,237809.78125,273162.5625
1771506939.5788395,Concentrated,261735.1875,260488.046875,317947.15625,289961.78125,275263.0,260385.234375,237810.859375,273170.4375
1771506939.5788395,Concentrated,261741.4375,260490.90625,317952.6875,289966.34375,275269.15625,260393.0,237815.6875,273182.125
1771506939.5788395,Concentrated,261745.28125,260492.703125,317960.09375,289966.4375,275272.5625,260398.28125,237817.5625,273189.90625
1771506939.5788395,Concentrated,261745.46875,260492.421875,317956.09375,289969.71875,275271.9375,260397.75,237819.078125,273190.90625
1771506939.5788395,Concentrated,261738.140625,260484.828125,317943.84375,289957.9375,275264.6875,260391.21875,237813.71875,273188.21875
1771506939.609362,Concentrated,261731.96875,260478.65625,317935.6875,289951.21875,275259.34375,260385.765625,237807.8125,273185.625
1771506939.609362,Concentrated,261724.453125,260470.171875,317926.59375,289945.59375,275253.53125,260379.421875,237800.578125,273179.71875
1771506939.609362,Concentrated,261720.703125,260466.328125,317921.65625,289945.78125,275250.03125,260375.578125,237799.140625,273175.6875
1771506939.609362,Concentrated,261714.359375,260463.1875,317918.1875,289939.15625,275247.0,260371.28125,237798.609375,273168.09375
1771506939.609362,Concentrated,261709.25,260459.96875,317908.25,289939.25,275244.59375,260367.53125,237798.25,273161.84375
1771506939.609362,Concentrated,261710.15625,260459.4375,317906.8125,289941.375,275245.5625,260366.359375,237798.609375,273161.5
1771506939.635617,Concentrated,261710.515625,260459.890625,317906.28125,289941.75,275247.4375,260365.296875,237797.625,273160.40625
1771506939.635617,Concentrated,261711.765625,260463.109375,317907.0,289943.625,275248.875,260368.515625,237800.21875,273164.625
1771506939.635617,Concentrated,261710.6875,260463.375,317909.0625,289935.03125,275248.25,260370.03125,237802.09375,273167.75
1771506939.635617,Concentrated,261710.234375,260461.9375,317908.53125,289936.03125,275244.03125,260366.0,237798.703125,273158.09375
1771506939.635617,Concentrated,261714.4375,260464.984375,317907.8125,289943.09375,275244.84375,260365.015625,237800.484375,273153.875
1771506939.635617,Concentrated,261721.140625,260470.515625,317911.75,289951.65625,275249.59375,260370.203125,237803.34375,273158.1875
1771506939.635617,Concentrated,261723.390625,260469.546875,317913.34375,289938.4375,275250.21875,260373.96875,237799.328125,273157.09375
1771506939.6675034,Concentrated,261720.609375,260469.71875,317909.6875,289942.375,275249.3125,260372.0,237801.828125,273154.6875
1771506939.6675034,Concentrated,261712.203125,260461.84375,317904.75,289923.34375,275241.8125,260364.671875,237795.390625,273151.21875
1771506939.6675034,Concentrated,261716.234375,260462.828125,317905.375,289926.375,275242.4375,260367.078125,237793.6875,273152.09375
1771506939.6675034,Concentrated,261714.890625,260463.375,317901.8125,289927.4375,275244.5,260369.3125,237793.609375,273156.375
1771506939.6675034,Concentrated,261721.78125,260469.71875,317905.9375,289932.53125,275249.21875,260373.96875,237797.890625,273159.34375
1771506939.6675034,Concentrated,261729.46875,260477.9375,317913.4375,289942.90625,275252.90625,260378.875,237803.703125,273162.03125
1771506939.6675034,Concentrated,261725.703125,260474.015625,317910.21875,289930.84375,275248.0625,260374.859375,237799.421875,273158.96875
1771506939.6675034,Concentrated,261728.21875,260475.078125,317912.8125,289931.46875,275248.59375,260376.734375,237797.8125,273157.03125
1771506939.6675034,Concentrated,261735.09375,260479.109375,317907.0,289944.59375,275254.875,260379.859375,237803.96875,273164.875
1771506939.6899118,Concentrated,261734.375,260479.109375,317905.375,289949.4375,275255.84375,260379.328125,237803.796875,273168.1875
1771506939.6899118,Concentrated,261729.90625,260475.34375,317902.96875,289933.875,275253.15625,260375.65625,237802.015625,273162.8125
1771506939.6899118,Concentrated,261731.515625,260479.203125,317907.8125,289940.5,275255.5625,260378.4375,237808.625,273163.0
1771506939.6899118,Concentrated,261730.984375,260478.484375,317905.375,289941.46875,275254.9375,260379.234375,237806.390625,273161.65625
1771506939.7137315,Concentrated,261728.21875,260474.8125,317898.5,289933.96875,275254.9375,260378.34375,237803.625,273162.65625
1771506939.7137315,Concentrated,261728.84375,260476.953125,317896.71875,289940.0625,275258.09375,260380.765625,237807.28125,273162.1875
1771506939.7137315,Concentrated,261725.171875,260473.734375,317895.375,289929.78125,275254.6875,260377.8125,237805.9375,273157.8125
1771506939.7137315,Concentrated,261726.609375,260474.09375,317898.15625,289928.4375,275255.03125,260379.59375,237808.171875,273155.59375
1771506939.7137315,Concentrated,261734.5625,260480.890625,317904.6875,289939.15625,275262.0,260385.5,237812.640625,273161.40625
1771506939.7137315,Concentrated,261738.40625,260484.828125,317906.1875,289943.1875,275265.84375,260387.109375,237812.5625,273167.125
1771506939.741279,Concentrated,261735.359375,260484.828125,317904.6875,289937.53125,275265.40625,260387.015625,237812.5625,273167.46875
1771506939.741279,Concentrated,261737.328125,260489.296875,317909.3125,289939.59375,275267.125,260389.703125,237817.390625,273164.71875
1771506939.741279,Concentrated,261735.359375,260488.21875,317907.53125,289938.875,275265.5,260387.28125,237818.90625,273163.09375
1771506939.741279,Concentrated,261732.328125,260486.34375,317904.75,289935.3125,275265.6875,260385.40625,237817.828125,273162.5625
1771506939.741279,Concentrated,261731.609375,260483.75,317904.40625,289931.5625,275265.21875,260384.515625,237813.984375,273164.34375
1771506939.741279,Concentrated,261733.125,260482.859375,317901.28125,289934.6875,275265.78125,260384.953125,237815.15625,273165.0625
1771506939.741279,Concentrated,261725.34375,260478.84375,317892.0625,289935.40625,275262.46875,260381.65625,237814.796875,273165.6875
1771506939.741279,Concentrated,261728.03125,260484.828125,317899.9375,289944.0625,275266.9375,260388.890625,237820.609375,273169.0
1771506939.7749798,Concentrated,261730.625,260487.421875,317901.46875,289937.8125,275268.375,260392.828125,237818.640625,273170.53125
1771506939.7749798,Concentrated,261727.859375,260481.15625,317894.84375,289921.1875,275262.0,260388.265625,237809.078125,273168.90625
1771506939.7749798,Concentrated,261727.9375,260479.015625,317892.96875,289916.09375,275258.25,260385.859375,237804.25,273169.4375
1771506939.7749798,Concentrated,261727.578125,260479.546875,317891.0,289916.71875,275254.59375,260382.015625,237802.546875,273164.625
1771506939.7749798,Concentrated,261726.25,260476.875,317887.78125,289913.3125,275248.875,260377.09375,237798.96875,273160.59375
1771506939.7975323,Concentrated,261726.6875,260476.15625,317889.5625,289914.84375,275247.34375,260375.578125,237797.359375,273162.125
1771506939.7975323,Concentrated,261733.21875,260478.5625,317893.9375,289921.1875,275250.65625,260377.359375,237799.328125,273166.125
1771506939.7975323,Concentrated,261731.515625,260473.828125,317883.3125,289910.90625,275246.8125,260373.515625,237795.921875,273165.0625
1771506939.7975323,Concentrated,261730.53125,260474.8125,317881.6875,289911.625,275246.625,260372.265625,237799.78125,273163.28125
1771506939.7975323,Concentrated,261732.0625,260480.890625,317886.34375,289914.125,275251.46875,260377.8125,237805.671875,273164.53125
1771506939.7975323,Concentrated,261736.53125,260487.78125,317887.25,289930.46875,275258.53125,260382.453125,237811.9375,273169.71875
1771506939.7975323,Concentrated,261732.234375,260481.703125,317877.40625,289926.5625,275256.375,260376.46875,237806.84375,273168.09375
1771506939.7975323,Concentrated,261728.125,260475.703125,317874.28125,289902.21875,275255.75,260375.84375,237802.8125,273166.21875
1771506939.7975323,Concentrated,261727.140625,260477.5,317870.6875,289912.25,275259.34375,260379.15625,237809.078125,273167.125
1771506939.828127,Concentrated,261726.875,260480.171875,317872.5625,289919.03125,275260.6875,260381.734375,237812.640625,273163.90625
1771506939.828127,Concentrated,261728.296875,260481.96875,317875.4375,289915.90625,275263.96875,260385.859375,237815.421875,273169.34375
1771506939.828127,Concentrated,261728.21875,260483.125,317871.40625,289920.28125,275266.125,260387.640625,237816.671875,273177.59375
1771506939.828127,Concentrated,261729.28125,260485.71875,317869.09375,289926.1875,275266.3125,260386.75,237817.75,273176.0625
1771506939.828127,Concentrated,261730.453125,260487.25,317875.25,289914.125,275266.5625,260388.71875,237818.734375,273174.53125
1771506939.828127,Concentrated,261726.421875,260486.265625,317875.0,289907.78125,275262.8125,260385.5,237816.3125,273168.0
1771506939.828127,Concentrated,261727.671875,260486.890625,317873.90625,289905.28125,275261.3125,260382.8125,237813.90625,273166.21875
1771506939.8530834,Concentrated,261729.015625,260484.03125,317870.6875,289903.9375,275258.09375,260379.328125,237807.640625,273165.40625
1771506939.8530834,Concentrated,261730.796875,260482.6875,317868.71875,289904.03125,275257.09375,260378.796875,237806.125,273166.75
1771506939.8530834,Concentrated,261731.4375,260483.21875,317869.0,289908.03125,275254.9375,260377.453125,237808.359375,273164.15625
1771506939.8530834,Concentrated,261728.125,260481.078125,317865.59375,289906.625,275252.0,260375.484375,237805.765625,273159.0625
1771506939.8530834,Concentrated,261726.515625,260478.5625,317864.53125,289900.71875,275252.90625,260376.203125,237803.265625,273162.5625
1771506939.8530834,Concentrated,261725.171875,260476.421875,317863.0,289897.3125,275252.8125,260377.359375,237802.28125,273161.65625
1771506939.8530834,Concentrated,261722.046875,260472.484375,317859.625,289894.4375,275247.34375,260373.78125,237797.890625,273153.625
1771506939.8800132,Concentrated,261715.25,260467.65625,317856.40625,289887.375,275242.34375,260370.5625,237795.296875,273151.5625
1771506939.8800132,Concentrated,261711.671875,260464.984375,317853.53125,289889.625,275241.0,260368.421875,237796.5625,273150.5
1771506939.8800132,Concentrated,261710.953125,260463.8125,317850.59375,289889.71875,275242.0,260367.796875,237797.1875,273154.59375
1771506939.8800132,Concentrated,261710.234375,260463.375,317849.40625,289876.84375,275242.53125,260369.140625,237794.765625,273153.15625
1771506939.8800132,Concentrated,261715.0625,260466.765625,317850.84375,289889.25,275243.96875,260369.84375,237796.5625,273154.96875
1771506939.8800132,Concentrated,261716.765625,260468.28125,317845.5625,289895.625,275243.15625,260366.1875,237799.234375,273153.34375
1771506939.9156387,Concentrated,261714.703125,260465.875,317845.65625,289877.5625,275242.0,260364.21875,237797.53125,273152.46875
1771506939.9156387,Concentrated,261714.265625,260466.046875,317843.6875,289877.71875,275243.96875,260364.84375,237798.34375,273153.4375
1771506939.9156387,Concentrated,261724.015625,260474.453125,317848.15625,289891.6875,275252.90625,260374.59375,237805.859375,273160.59375
1771506939.9156387,Concentrated,261725.703125,260474.546875,317849.15625,289892.40625,275253.25,260375.9375,237804.59375,273158.96875
1771506939.9156387,Concentrated,261721.78125,260473.109375,317846.65625,289890.96875,275251.09375,260373.25,237802.984375,273154.25
1771506939.9156387,Concentrated,261714.265625,260470.703125,317846.03125,289884.78125,275249.3125,260369.3125,237803.890625,273153.71875
1771506939.9156387,Concentrated,261713.015625,260469.890625,317842.28125,289880.3125,275248.875,260370.03125,237801.828125,273155.59375
1771506939.9156387,Concentrated,261714.796875,260473.03125,317842.1875,289884.78125,275250.9375,260373.34375,237800.9375,273159.25
1771506939.9156387,Concentrated,261716.671875,260478.21875,317844.15625,289892.9375,275253.0625,260374.234375,237804.0625,273160.15625
1771506939.9357743,Concentrated,261718.5625,260478.5625,317843.34375,289885.5,275250.9375,260372.71875,237804.78125,273154.5
1771506939.9357743,Concentrated,261719.53125,260478.65625,317846.375,289875.6875,275251.8125,260375.3125,237805.9375,273154.78125
1771506939.9357743,Concentrated,261722.125,260480.53125,317845.5,289881.75,275254.15625,260376.375,237808.0,273153.4375
1771506939.9357743,Concentrated,261725.0,260481.15625,317847.625,289885.5,275256.90625,260379.59375,237807.640625,273157.90625
1771506939.9650345,Concentrated,261720.4375,260474.640625,317839.9375,289883.1875,275251.8125,260375.21875,237803.703125,273158.1875
1771506939.9650345,Concentrated,261716.671875,260470.96875,317838.34375,289868.0,275246.90625,260371.375,237801.203125,273152.90625
1771506939.9650345,Concentrated,261717.65625,260472.21875,317841.65625,289870.5,275246.0,260373.34375,237802.71875,273152.0
1771506939.9650345,Concentrated,261720.4375,260473.109375,317842.96875,289871.03125,275246.1875,260376.015625,237802.1875,273153.34375
1771506939.9650345,Concentrated,261724.28125,260474.1875,317837.625,289876.21875,275246.375,260375.578125,237800.75,273155.84375
1771506939.9650345,Concentrated,261724.1875,260471.328125,317833.59375,289866.65625,275241.28125,260369.9375,237795.921875,273152.1875
1771506939.9650345,Concentrated,261726.875,260472.125,317835.46875,289872.28125,275238.59375,260366.90625,237797.0,273144.6875
1771506939.9650345,Concentrated,261726.25,260472.484375,317838.34375,289871.84375,275239.21875,260367.078125,237799.0625,273144.84375
1771506939.9650345,Concentrated,261717.578125,260465.421875,317826.875,289866.65625,275235.625,260361.984375,237794.671875,273144.84375
1771506939.9994326,Concentrated,261716.3125,260463.90625,317821.34375,289864.84375,275236.09375,260361.53125,237793.96875,273147.625
1771506939.9994326,Concentrated,261716.59375,260463.640625,317819.46875,289862.4375,275235.625,260360.109375,237792.4375,273147.71875
1771506939.9994326,Concentrated,261713.734375,260460.6875,317819.375,289859.84375,275231.0,260356.171875,237789.40625,273143.34375
1771506939.9994326,Concentrated,261708.453125,260457.375,317816.15625,289856.4375,275226.53125,260353.046875,237787.25,273137.4375
1771506939.9994326,Concentrated,261710.859375,260460.0625,317813.21875,289859.75,275228.21875,260353.671875,237789.578125,273139.84375
1771506939.9994326,Concentrated,261718.734375,260466.234375,317813.3125,289871.46875,275234.375,260358.40625,237794.046875,273145.125
1771506939.9994326,Concentrated,261717.84375,260464.71875,317807.5,289871.125,275234.375,260356.265625,237793.78125,273144.6875
1771506940.0268736,Concentrated,261711.140625,260459.796875,317807.65625,289852.78125,275227.78125,260349.828125,237788.78125,273137.25
1771506940.0268736,Concentrated,261707.640625,260461.046875,317807.03125,289860.9375,275227.25,260349.203125,237792.359375,273135.90625
1771506940.0268736,Concentrated,261707.734375,260461.9375,317807.21875,289858.25,275230.53125,260351.875,237794.046875,273138.78125
1771506940.0268736,Concentrated,261707.015625,260458.359375,317800.78125,289851.34375,275229.8125,260351.796875,237790.03125,273139.3125
1771506940.0268736,Concentrated,261707.5625,260457.375,317798.8125,289853.40625,275229.8125,260351.703125,237788.421875,273139.59375
1771506940.0268736,Concentrated,261713.546875,260466.328125,317804.53125,289872.90625,275235.5625,260357.0625,237797.625,273141.375
1771506940.05696,Concentrated,261712.65625,260467.484375,317805.25,289861.09375,275237.78125,260360.828125,237799.140625,273142.875
1771506940.05696,Concentrated,261711.046875,260464.71875,317802.5625,289850.90625,275237.0625,260359.84375,237795.390625,273142.0
1771506940.05696,Concentrated,261715.34375,260466.5,317801.84375,289848.9375,275239.75,260361.09375,237793.78125,273145.21875
1771506940.05696,Concentrated,261719.984375,260473.46875,317805.625,289857.625,275246.8125,260365.921875,237800.578125,273151.125
1771506940.05696,Concentrated,261712.5625,260470.609375,317804.09375,289850.09375,275243.96875,260362.609375,237799.6875,273149.15625
1771506940.05696,Concentrated,261716.3125,260476.421875,317811.6875,289851.34375,275247.71875,260367.890625,237804.59375,273152.46875
1771506940.05696,Concentrated,261718.375,260476.328125,317804.8125,289853.15625,275247.96875,260369.765625,237802.546875,273153.96875
1771506940.05696,Concentrated,261717.578125,260470.875,317799.25,289852.6875,275243.6875,260365.921875,237795.84375,273152.53125
1771506940.05696,Concentrated,261721.421875,260469.265625,317796.125,289845.28125,275242.34375,260363.40625,237794.671875,273151.125
1771506940.0975919,Concentrated,261723.03125,260471.859375,317796.125,289848.75,275242.78125,260362.875,237799.78125,273152.53125
1771506940.0975919,Concentrated,261723.109375,260473.828125,317798.8125,289845.0,275243.6875,260364.3125,237802.90625,273149.40625
1771506940.0975919,Concentrated,261725.0,260474.90625,317799.34375,289851.1875,275245.84375,260368.234375,237804.515625,273152.0
1771506940.0975919,Concentrated,261729.828125,260475.890625,317802.21875,289849.03125,275247.625,260370.203125,237804.6875,273156.5625
1771506940.0975919,Concentrated,261730.984375,260477.59375,317805.53125,289856.0,275248.4375,260369.3125,237806.203125,273157.5625
1771506940.0975919,Concentrated,261732.6875,260480.890625,317810.625,289859.03125,275250.40625,260372.09375,237809.96875,273154.78125
1771506940.0975919,Concentrated,261731.4375,260482.234375,317812.125,289857.875,275250.9375,260373.78125,237813.09375,273156.46875
1771506940.123792,Concentrated,261729.375,260482.421875,317811.5,289858.15625,275249.0625,260372.0,237810.40625,273151.375
1771506940.123792,Concentrated,261733.390625,260484.375,317808.5625,289860.3125,275250.40625,260373.15625,237809.78125,273152.46875
1771506940.123792,Concentrated,261732.234375,260481.515625,317805.53125,289851.09375,275248.875,260372.4375,237806.84375,273153.875
1771506940.123792,Concentrated,261734.109375,260482.59375,317809.46875,289853.40625,275249.125,260373.515625,237808.359375,273151.5625
1771506940.123792,Concentrated,261735.359375,260482.59375,317812.6875,289853.21875,275246.90625,260371.734375,237808.625,273144.5
1771506940.123792,Concentrated,261735.453125,260480.359375,317803.03125,289851.4375,275246.1875,260370.75,237807.28125,273146.1875
1771506940.123792,Concentrated,261738.671875,260480.625,317798.625,289852.78125,275248.59375,260372.0,237806.390625,273150.9375
1771506940.123792,Concentrated,261745.203125,260485.90625,317801.6875,289861.09375,275252.90625,260376.28125,237811.125,273156.03125
1771506940.123792,Concentrated,261748.6875,260491.53125,317804.375,289873.34375,275257.71875,260380.578125,237818.28125,273158.8125
1771506940.123792,Concentrated,261743.671875,260488.40625,317803.71875,289853.5,275254.9375,260378.25,237816.3125,273156.9375
1771506940.123792,Concentrated,261740.546875,260484.203125,317801.84375,289847.5,275251.5625,260374.59375,237812.296875,273152.46875
1771506940.151301,Concentrated,261736.25,260478.921875,317793.4375,289847.78125,275250.03125,260371.90625,237808.09375,273154.59375
1771506940.151301,Concentrated,261736.796875,260478.484375,317792.46875,289844.75,275250.9375,260374.859375,237807.375,273156.65625
1771506940.151301,Concentrated,261739.390625,260481.4375,317797.46875,289835.34375,275251.375,260376.5625,237808.0,273155.21875
1771506940.151301,Concentrated,261739.125,260482.59375,317797.65625,289836.78125,275248.15625,260373.78125,237808.0,273151.375
1771506940.151301,Concentrated,261739.75,260481.78125,317795.34375,289840.71875,275245.90625,260372.09375,237805.671875,273150.9375
1771506940.151301,Concentrated,261739.125,260477.859375,317786.03125,289835.96875,275243.78125,260368.875,237802.359375,273153.15625
1771506940.151301,Concentrated,261734.734375,260473.734375,317777.28125,289837.3125,275241.90625,260364.9375,237800.40625,273151.28125
1771506940.151301,Concentrated,261731.609375,260475.265625,317779.6875,289845.625,275243.6875,260366.1875,237805.234375,273152.09375
1771506940.1812894,Concentrated,261725.0,260469.890625,317782.09375,289828.65625,275239.46875,260363.953125,237801.828125,273146.65625
1771506940.1812894,Concentrated,261726.953125,260469.8125,317782.625,289828.90625,275241.28125,260366.8125,237802.984375,273148.0625
1771506940.1812894,Concentrated,261727.3125,260469.453125,317780.5,289832.125,275243.0625,260367.265625,237802.359375,273151.03125
1771506940.1812894,Concentrated,261727.234375,260471.5,317775.125,289845.1875,275244.65625,260364.9375,237804.59375,273151.84375
1771506940.1812894,Concentrated,261723.390625,260471.78125,317770.375,289840.8125,275242.0625,260360.640625,237804.953125,273146.375
1771506940.1812894,Concentrated,261721.78125,260472.40625,317772.8125,289825.34375,275241.4375,260361.890625,237805.234375,273145.5625
1771506940.2100961,Concentrated,261723.46875,260473.921875,317769.21875,289831.875,275241.375,260361.71875,237806.921875,273147.8125
1771506940.2100961,Concentrated,261724.09375,260473.46875,317765.90625,289830.96875,275241.53125,260361.890625,237804.59375,273148.78125
1771506940.2100961,Concentrated,261727.40625,260476.0625,317771.8125,289831.15625,275244.5,260366.28125,237803.890625,273148.6875
1771506940.2100961,Concentrated,261726.953125,260476.875,317773.5,289828.03125,275245.75,260367.703125,237805.046875,273148.96875
1771506940.2100961,Concentrated,261722.3125,260472.765625,317767.25,289824.34375,275241.625,260364.125,237803.53125,273147.09375
1771506940.2100961,Concentrated,261722.125,260475.0,317770.375,289820.59375,275243.59375,260367.53125,237802.1875,273148.4375
1771506940.2376056,Concentrated,261725.890625,260480.890625,317774.125,289825.53125,275249.40625,260373.703125,237803.703125,273152.0
1771506940.2376056,Concentrated,261727.5,260478.65625,317770.5625,289823.1875,275248.15625,260371.8125,237801.390625,273152.46875
1771506940.2376056,Concentrated,261726.6875,260478.03125,317773.78125,289821.5,275248.0625,260371.28125,237803.4375,273152.09375
1771506940.2376056,Concentrated,261725.703125,260477.9375,317768.6875,289823.5625,275246.8125,260368.953125,237803.4375,273147.0
1771506940.2376056,Concentrated,261725.34375,260476.328125,317764.125,289824.4375,275245.65625,260365.015625,237802.453125,273146.65625
1771506940.2376056,Concentrated,261728.484375,260475.265625,317758.6875,289818.625,275246.375,260366.1875,237803.4375,273148.625
1771506940.2376056,Concentrated,261725.796875,260469.8125,317754.90625,289812.46875,275242.53125,260361.53125,237798.34375,273144.59375
1771506940.2376056,Concentrated,261718.640625,260462.75,317746.4375,289808.09375,275235.28125,260354.390625,237793.15625,273137.71875
1771506940.2376056,Concentrated,261720.875,260466.328125,317753.125,289811.5625,275237.875,260357.953125,237797.0,273138.6875
1771506940.2668998,Concentrated,261723.390625,260468.734375,317757.59375,289805.59375,275240.375,260361.171875,237798.609375,273142.0
1771506940.2668998,Concentrated,261726.328125,260468.28125,317759.03125,289809.15625,275242.96875,260365.65625,237798.171875,273152.71875
1771506940.2668998,Concentrated,261735.625,260476.328125,317769.21875,289820.875,275252.28125,260376.015625,237806.296875,273165.96875
1771506940.2668998,Concentrated,261741.53125,260483.671875,317775.5625,289836.5,275256.28125,260379.78125,237815.6875,273170.78125
1771506940.2668998,Concentrated,261740.453125,260483.3125,317781.46875,289826.84375,275257.09375,260382.90625,237817.203125,273175.0625
1771506940.2931755,Concentrated,261728.484375,260475.078125,317770.03125,289819.34375,275251.5625,260376.640625,237811.21875,273170.34375
1771506940.2931755,Concentrated,261717.484375,260464.4375,317758.6875,289806.65625,275242.625,260368.234375,237797.359375,273161.21875
1771506940.2931755,Concentrated,261713.640625,260459.96875,317751.4375,289806.125,275238.59375,260362.25,237793.875,273158.8125
1771506940.2931755,Concentrated,261709.703125,260458.90625,317745.71875,289811.125,275236.34375,260357.0625,237796.28125,273154.0625
1771506940.2931755,Concentrated,261700.3125,260453.0,317742.03125,289797.4375,275230.375,260352.140625,237791.90625,273146.46875
1771506940.2931755,Concentrated,261696.375,260448.078125,317731.5,289787.96875,275227.3125,260347.859375,237787.25,273141.8125
1771506940.2931755,Concentrated,261699.6875,260449.609375,317732.84375,289790.46875,275229.8125,260349.46875,237786.90625,273141.1875
1771506940.2931755,Concentrated,261701.03125,260450.5,317732.3125,289790.1875,275230.71875,260350.09375,237787.875,273145.5625
1771506940.2931755,Concentrated,261706.9375,260456.21875,317735.53125,289804.96875,275232.34375,260351.515625,237791.375,273146.28125
1771506940.3200722,Concentrated,261709.25,260457.734375,317741.875,289789.40625,275228.3125,260351.171875,237788.6875,273141.0
1771506940.3200722,Concentrated,261713.09375,260463.546875,317743.28125,289799.84375,275231.71875,260354.296875,237792.078125,273142.8125
1771506940.3200722,Concentrated,261719.1875,260468.015625,317744.1875,289798.6875,275236.1875,260359.921875,237792.703125,273146.1875
1771506940.3200722,Concentrated,261721.0625,260470.96875,317741.96875,289800.3125,275239.65625,260364.390625,237794.3125,273149.40625
1771506940.3200722,Concentrated,261720.34375,260471.15625,317737.75,289804.0625,275241.53125,260364.84375,237798.515625,273149.15625
1771506940.3200722,Concentrated,261716.5,260467.390625,317734.625,289791.1875,275237.59375,260361.171875,237794.953125,273145.125
1771506940.3425047,Concentrated,261715.96875,260468.734375,317733.90625,289791.09375,275238.5,260362.078125,237794.765625,273143.53125
1771506940.3425047,Concentrated,261720.078125,260473.296875,317736.40625,289795.75,275243.34375,260367.703125,237797.984375,273149.3125
1771506940.3425047,Concentrated,261728.125,260478.21875,317741.6875,289796.28125,275246.53125,260370.390625,237798.96875,273151.84375
1771506940.3425047,Concentrated,261729.015625,260476.15625,317739.625,289785.71875,275241.09375,260363.234375,237793.6875,273149.875
1771506940.3425047,Concentrated,261727.578125,260473.921875,317735.875,289784.125,275236.09375,260356.96875,237791.640625,273142.4375
1771506940.3425047,Concentrated,261724.28125,260469.625,317730.59375,289778.59375,275232.59375,260354.03125,237788.234375,273136.53125
1771506940.369412,Concentrated,261722.671875,260466.59375,317727.75,289777.25,275233.03125,260354.65625,237786.0,273137.78125
1771506940.369412,Concentrated,261719.359375,260462.390625,317725.25,289779.90625,275232.875,260353.671875,237785.640625,273138.15625
1771506940.369412,Concentrated,261719.09375,260462.46875,317728.1875,289790.03125,275231.625,260352.953125,237788.0625,273135.90625
1771506940.369412,Concentrated,261716.859375,260462.46875,317727.65625,289792.71875,275231.15625,260353.484375,237790.65625,273135.65625
1771506940.369412,Concentrated,261714.796875,260461.671875,317729.4375,289775.53125,275232.34375,260357.6875,237789.84375,273137.78125
1771506940.369412,Concentrated,261715.78125,260464.078125,317727.75,289782.4375,275236.8125,260362.078125,237792.703125,273142.1875
1771506940.3913705,Concentrated,261720.4375,260469.453125,317730.96875,289790.5625,275243.6875,260367.265625,237798.078125,273146.09375
1771506940.3913705,Concentrated,261719.890625,260471.6875,317728.09375,289789.65625,275245.75,260369.21875,237801.921875,273146.28125
1771506940.3913705,Concentrated,261717.75,260474.71875,317728.1875,289793.78125,275246.0,260368.328125,237805.9375,273143.59375
1771506940.3913705,Concentrated,261720.078125,260477.40625,317722.71875,289799.3125,275248.59375,260368.421875,237809.34375,273147.4375
1771506940.3913705,Concentrated,261722.046875,260475.984375,317721.03125,289787.4375,275248.6875,260367.96875,237805.578125,273149.78125
1771506940.3913705,Concentrated,261721.859375,260474.453125,317718.8125,289789.125,275246.8125,260364.390625,237805.40625,273147.8125
1771506940.3913705,Concentrated,261720.4375,260472.125,317718.71875,289783.0625,275242.25,260361.984375,237802.8125,273144.84375
1771506940.4076898,Concentrated,261720.96875,260475.984375,317726.125,289787.96875,275242.625,260365.921875,237804.328125,273144.59375
1771506940.4349918,Concentrated,261719.53125,260475.078125,317721.46875,289788.59375,275242.0,260365.828125,237804.328125,273146.375
1771506940.4349918,Concentrated,261716.234375,260471.234375,317717.53125,289788.25,275237.96875,260361.890625,237799.140625,273148.0625
1771506940.4349918,Concentrated,261711.578125,260466.140625,317710.03125,289786.28125,275234.84375,260358.671875,237796.375,273146.5625
1771506940.4349918,Concentrated,261710.234375,260463.8125,317708.59375,289778.125,275231.71875,260357.15625,237795.390625,273145.46875
1771506940.4349918,Concentrated,261708.90625,260463.375,317709.15625,289766.96875,275229.28125,260355.453125,237794.671875,273145.40625
1771506940.4349918,Concentrated,261711.046875,260466.234375,317710.46875,289767.59375,275231.25,260356.34375,237794.859375,273145.65625
1771506940.4349918,Concentrated,261711.578125,260466.234375,317704.03125,289773.75,275230.625,260353.21875,237792.890625,273143.59375
1771506940.4349918,Concentrated,261715.609375,260470.609375,317703.96875,289779.75,275234.125,260354.296875,237795.125,273143.59375
1771506940.4587634,Concentrated,261716.953125,260474.640625,317707.1875,289768.84375,275235.90625,260356.265625,237796.203125,273143.15625
1771506940.4587634,Concentrated,261716.953125,260475.703125,317703.40625,289770.34375,275234.9375,260353.84375,237797.625,273139.75
1771506940.4587634,Concentrated,261718.46875,260472.84375,317694.46875,289773.5625,275231.875,260348.578125,237795.390625,273136.8125
1771506940.4587634,Concentrated,261721.59375,260470.515625,317693.0625,289764.625,275230.71875,260348.390625,237792.171875,273140.375
1771506940.4587634,Concentrated,261721.59375,260468.828125,317694.125,289761.875,275231.4375,260348.75,237791.8125,273143.25
1771506940.485026,Concentrated,261715.78125,260465.25,317686.34375,289759.53125,275231.4375,260348.296875,237793.421875,273147.09375
1771506940.485026,Concentrated,261716.765625,260468.109375,317689.75,289768.46875,275234.65625,260353.21875,237800.125,273149.875
1771506940.485026,Concentrated,261717.125,260464.53125,317693.21875,289766.59375,275232.5,260354.5625,237798.078125,273148.625
1771506940.485026,Concentrated,261713.90625,260461.21875,317691.4375,289764.4375,275233.75,260356.96875,237795.484375,273152.46875
1771506940.485026,Concentrated,261713.734375,260462.03125,317698.15625,289754.25,275236.0,260361.53125,237794.59375,273151.5625
1771506940.485026,Concentrated,261716.59375,260466.59375,317704.3125,289765.71875,275239.03125,260365.65625,237798.875,273152.53125
1771506940.485026,Concentrated,261710.15625,260462.5625,317698.6875,289749.53125,275234.03125,260360.828125,237796.734375,273145.75
1771506940.485026,Concentrated,261713.09375,260468.015625,317705.5625,289757.21875,275238.5,260364.84375,237799.953125,273148.0625
1771506940.5087633,Concentrated,261716.234375,260469.453125,317710.21875,289761.21875,275242.53125,260369.578125,237800.484375,273151.75
1771506940.5087633,Concentrated,261713.546875,260466.140625,317709.0625,289758.71875,275240.125,260367.078125,237796.90625,273148.6875
1771506940.5087633,Concentrated,261711.046875,260463.8125,317702.4375,289755.78125,275238.84375,260364.390625,237798.34375,273149.15625
1771506940.5087633,Concentrated,261708.71875,260462.296875,317696.1875,289755.96875,275235.09375,260359.21875,237796.828125,273141.90625
1771506940.5087633,Concentrated,261704.15625,260459.078125,317692.4375,289752.90625,275229.65625,260354.5625,237791.8125,273137.78125
1771506940.5087633,Concentrated,261705.5,260457.203125,317686.625,289746.21875,275225.0,260350.8125,237787.25,273138.875
1771506940.533775,Concentrated,261707.734375,260458.546875,317686.4375,289745.9375,275224.09375,260349.828125,237786.71875,273139.84375
1771506940.533775,Concentrated,261705.59375,260456.125,317686.0625,289737.09375,275220.625,260347.671875,237784.484375,273136.4375
1771506940.533775,Concentrated,261706.03125,260453.796875,317686.96875,289735.84375,275217.75,260345.890625,237783.6875,273133.5
1771506940.533775,Concentrated,261710.6875,260455.328125,317688.65625,289741.125,275220.4375,260348.296875,237786.265625,273138.6875
1771506940.533775,Concentrated,261708.09375,260450.046875,317680.53125,289735.5,275219.8125,260347.046875,237781.984375,273137.78125
1771506940.533775,Concentrated,261707.296875,260448.265625,317675.4375,289731.1875,275219.1875,260347.046875,237779.125,273134.5625
1771506940.5574586,Concentrated,261706.390625,260448.890625,317678.46875,289730.3125,275218.375,260347.328125,237778.140625,273136.0
1771506940.5574586,Concentrated,261714.4375,260457.109375,317684.28125,289746.40625,275221.25,260350.53125,237784.65625,273133.59375
1771506940.5574586,Concentrated,261714.078125,260456.046875,317676.6875,289738.625,275219.46875,260348.03125,237781.625,273130.1875
1771506940.5574586,Concentrated,261709.34375,260452.734375,317671.40625,289732.09375,275218.21875,260347.765625,237776.796875,273133.9375
1771506940.5574586,Concentrated,261706.578125,260450.5,317667.46875,289718.3125,275217.3125,260346.421875,237775.0,273137.09375
1771506940.5574586,Concentrated,261707.109375,260451.296875,317669.4375,289720.90625,275216.0625,260344.109375,237776.609375,273135.1875
1771506940.5574586,Concentrated,261703.09375,260449.0625,317667.5625,289721.1875,275214.4375,260341.15625,237777.15625,273133.6875
1771506940.5888367,Concentrated,261700.40625,260447.1875,317655.21875,289725.46875,275216.96875,260340.078125,237781.265625,273134.21875
1771506940.5888367,Concentrated,261701.203125,260448.171875,317654.875,289728.875,275220.15625,260341.328125,237781.53125,273136.1875
1771506940.5888367,Concentrated,261706.21875,260455.0625,317657.90625,289739.15625,275229.03125,260345.359375,237788.859375,273146.28125
1771506940.5888367,Concentrated,261707.921875,260459.34375,317659.34375,289727.09375,275232.0625,260346.78125,237791.1875,273143.34375
1771506940.5888367,Concentrated,261706.671875,260461.5,317660.25,289729.84375,275231.71875,260347.234375,237793.421875,273139.125
1771506940.5888367,Concentrated,261707.109375,260464.078125,317663.28125,289735.03125,275233.40625,260350.0,237794.671875,273138.15625
1771506940.5888367,Concentrated,261714.0,260469.1875,317671.15625,289733.25,275239.5625,260357.421875,237796.90625,273142.4375
1771506940.608975,Concentrated,261721.140625,260471.421875,317672.03125,289736.8125,275241.53125,260360.640625,237796.28125,273142.875
1771506940.608975,Concentrated,261721.953125,260471.234375,317673.28125,289741.21875,275240.125,260361.53125,237797.0,273142.09375
1771506940.608975,Concentrated,261721.140625,260470.515625,317674.53125,289735.84375,275237.875,260363.5,237798.515625,273140.375
1771506940.608975,Concentrated,261717.296875,260464.53125,317669.71875,289724.65625,275231.15625,260358.765625,237792.171875,273133.9375
1771506940.6380942,Concentrated,261720.609375,260462.75,317664.78125,289728.0625,275229.03125,260356.96875,237789.21875,273135.90625
1771506940.6380942,Concentrated,261719.71875,260459.171875,317661.5625,289725.46875,275225.34375,260353.671875,237784.390625,273138.15625
1771506940.6380942,Concentrated,261722.484375,260461.578125,317661.9375,289731.09375,275225.0,260351.96875,237787.078125,273138.5
1771506940.6380942,Concentrated,261718.46875,260460.6875,317662.1875,289725.65625,275221.0625,260348.75,237787.078125,273134.5625
1771506940.6380942,Concentrated,261711.578125,260453.984375,317653.0,289708.40625,275215.96875,260342.765625,237780.90625,273128.40625
1771506940.6380942,Concentrated,261710.59375,260454.078125,317645.65625,289708.9375,275220.25,260344.8125,237781.71875,273133.78125
1771506940.6380942,Concentrated,261717.65625,260464.359375,317652.90625,289721.90625,275229.8125,260353.046875,237788.953125,273141.28125
1771506940.6380942,Concentrated,261723.390625,260471.5,317658.90625,289731.71875,275234.9375,260356.96875,237794.671875,273141.5625
1771506940.6380942,Concentrated,261719.1875,260467.390625,317654.6875,289718.75,275229.28125,260351.875,237789.84375,273133.0625
1771506940.6713326,Concentrated,261718.734375,260465.6875,317651.5625,289712.78125,275230.53125,260350.09375,237790.5625,273134.21875
1771506940.6713326,Concentrated,261722.3125,260466.59375,317652.46875,289720.8125,275233.9375,260350.453125,237791.90625,273138.25
1771506940.6713326,Concentrated,261721.328125,260463.546875,317651.75,289714.90625,275233.03125,260349.640625,237788.78125,273140.21875
1771506940.6713326,Concentrated,261722.9375,260466.5,317649.40625,289728.78125,275235.71875,260352.328125,237794.765625,273140.65625
1771506940.6713326,Concentrated,261718.015625,260463.375,317652.1875,289720.09375,275234.3125,260353.578125,237793.78125,273139.5
1771506940.6713326,Concentrated,261711.3125,260457.015625,317651.28125,289700.4375,275231.53125,260353.75,237787.53125,273138.0625
1771506940.6713326,Concentrated,261708.265625,260456.484375,317642.8125,289708.65625,275234.125,260356.078125,237787.96875,273139.9375
1771506940.6713326,Concentrated,261706.21875,260456.484375,317640.21875,289707.59375,275235.28125,260357.875,237785.921875,273140.03125
1771506940.6988862,Concentrated,261711.84375,260462.828125,317644.6875,289712.96875,275239.5625,260360.015625,237791.734375,273140.375
1771506940.6988862,Concentrated,261710.421875,260463.453125,317643.875,289704.375,275238.0625,260359.125,237791.1875,273141.5625
1771506940.6988862,Concentrated,261710.328125,260464.0,317643.875,289708.03125,275235.8125,260357.6875,237790.921875,273141.5625
1771506940.6988862,Concentrated,261709.34375,260458.984375,317637.875,289706.34375,275231.78125,260352.0625,237785.015625,273139.59375
1771506940.6988862,Concentrated,261710.421875,260457.109375,317639.21875,289708.40625,275232.34375,260352.234375,237785.640625,273142.34375
1771506940.6988862,Concentrated,261709.875,260456.21875,317642.4375,289708.03125,275229.8125,260350.0,237786.359375,273137.71875
1771506940.6988862,Concentrated,261706.671875,260454.515625,317635.28125,289699.90625,275226.78125,260345.625,237786.1875,273130.28125
1771506940.7344313,Concentrated,261705.765625,260455.5,317637.625,289697.84375,275227.5,260346.515625,237787.34375,273129.84375
1771506940.7344313,Concentrated,261709.078125,260457.015625,317638.0625,289699.28125,275229.375,260349.46875,237787.609375,273133.78125
1771506940.7344313,Concentrated,261711.765625,260458.09375,317638.0625,289701.34375,275229.5625,260349.46875,237785.640625,273137.78125
1771506940.7344313,Concentrated,261710.0625,260455.328125,317637.625,289695.25,275224.03125,260344.734375,237779.828125,273134.21875
